 &plot nbnd=  33, nks= 251 /
            0.353553  0.707107  0.000000
    6.7432    6.7432    3.4938   94.3813  109.2162   69.6019
   69.6019   18.9881  760.9215  195.3482  132.3241   88.3553
   88.3553   71.3923  453.8396  175.5101  166.0705  166.0705
  210.6173  210.6173  206.1929  189.7339  230.5351  176.1339
  176.1339  332.6420  332.6418  253.3394   78.0855  189.1195
  189.1195  201.0349  200.8241
            0.353553  0.700036  0.007071
    6.6373    6.7295    3.5964   94.2970  109.3447   69.6081
   69.6438   19.0717  758.5287  195.4482  132.6188   88.6680
   89.1317   71.6921  452.4815  175.7254  166.6334  166.0299
  210.3603  211.8944  206.2012  230.9300  189.7836  176.1522
  175.7512  330.4535  332.4845  254.5198  104.7929  189.1458
  162.9526  200.7955  200.5095
            0.353553  0.692965  0.014142
    6.3657    6.6884    3.8582   94.0467  109.7229   69.6286
   69.7629   19.3303  751.3763  195.7761  133.7009   89.5636
   91.2444   72.5852  448.4161  176.4262  168.3308  165.8197
  209.6466  215.6933  206.2479  232.0520  189.9027  176.2010
  174.6085  324.1228  332.0124  257.8661  117.8589  189.2230
  151.6972  199.8775  199.5670
            0.353553  0.685894  0.021213
    6.0168    6.6207    4.1903   93.6380  110.3295   69.6685
   69.9406   19.7861  739.5453  196.4008  135.8810   90.9296
   94.3251   74.0537  441.6738  177.7194  171.1809  165.2203
  208.6371  221.9230  206.4290  233.6851  190.0234  176.2620
  172.7210  314.2766  331.2254  262.8682  123.6813  189.3460
  149.6356  197.5696  198.0018
            0.353553  0.678823  0.028284
    5.6546    6.5275    4.5281   93.0838  111.1300   69.7357
   70.1484   20.4715  723.1792  197.4012  139.2645   92.6159
   98.1677   76.0686  179.6709  432.3194  175.1840  163.9542
  207.5769  230.4469  207.0382  235.3467  190.0815  176.3050
  170.1116  301.7525  330.1238  268.8711  127.3607  189.5068
  153.0219  192.4670  195.8223
            0.353553  0.671751  0.035355
    5.3086    6.4102    4.8417   92.4018  112.0783   69.8396
   70.3507   21.4240  702.4961  198.8346  143.7671   94.4683
  102.7056   78.5912  182.2515  420.4750  180.2859  161.7640
  206.7470  241.0994  208.8351  236.0320  190.0420  176.2896
  166.8069  287.4141  328.7096  275.2433  130.2696  189.6937
  161.6894  183.2973  193.0415
            0.353553  0.664680  0.042426
    4.9877    6.2708    5.1214   91.6149  113.1184   69.9895
   70.5088   22.6803  677.7997  200.7181  149.2320   96.3489
  107.8886   81.5751  185.3162  406.3516  186.3370  158.5921
  206.3073  253.6979  213.0630  234.2098  189.9025  176.1682
  162.8310  272.0327  326.9876  281.4763  132.9011  189.8925
  173.3079  171.8176  189.6771
            0.353553  0.657609  0.049497
    4.6927    6.1113    5.3655   90.7504  114.1868   70.1929
   70.5843   24.2699  649.4876  203.0254  155.5005   98.1437
  113.6095   84.9670  188.6121  390.2807  193.0624  154.7550
  206.1250  268.0486  219.7050  229.5775  189.6902  175.8904
  158.1966  256.2387  324.9667  287.2117  135.4701  190.0861
  183.5291  162.0717  185.7527
            0.353553  0.650538  0.056569
    4.4219    5.9342    5.5753   89.8403  115.2150   70.4546
   70.5423   26.2112  618.0471  205.6920  162.4438   99.7604
  119.6775   88.7077  191.8211  372.7310  200.0569  150.6905
  205.9946  283.9500  226.1819  224.3643  189.4639  175.4086
  152.8934  240.5207  322.6608  292.2240  138.0812  190.2554
  190.7346  155.4774  181.2980
            0.353553  0.643467  0.063640
    4.1733    5.7422    5.7520   88.9207  116.1314   70.7744
   70.3538   28.5077  584.0337  208.6240  169.9835  101.1246
  125.8218   92.7317  194.6260  354.2921  206.8191  146.5625
  205.9778  301.2034  230.4695  220.2023  189.3251  174.6831
  146.8698  225.2440  320.0900  296.3864  140.7885  190.3799
  195.5895  151.2167  176.3491
            0.353553  0.636396  0.070711
    3.9452    5.5378    5.8970   88.0308  116.8646   71.1469
   69.9973   31.1469  548.0214  211.7076  178.1150  102.1746
  131.7130   96.9666  196.7682  335.6199  142.3765  212.8235
  206.2353  319.6522  232.1042  217.0807  189.4361  173.6857
  140.0126  210.6731  317.2801  299.6374  143.6190  190.4388
  198.9533  148.3039  170.9494
            0.353553  0.629325  0.077782
    3.7362    5.3239    6.0116   87.2128  117.3455   71.5600
   69.4593   34.1000  510.5171  214.8172  186.9507  102.8600
  137.0003  101.3314  198.0753  317.3531  138.1759  217.6142
  206.8093  339.2829  230.8428  214.5895  190.0188  172.4017
  132.1486  196.9923  314.2621  301.9542  146.5834  190.4120
  201.3583  146.0990  165.1486
            0.353553  0.622254  0.084853
    3.5454    5.1034    6.0968   86.5097  117.5100   71.9953
   68.7346   37.3229  471.8243  217.8224  196.8011  103.1408
  141.3569  105.7341  198.4601  300.0298  134.0320  220.8861
  207.6387  360.4447  225.9445  212.4365  191.1721  170.8308
  123.2299  184.3223  311.0707  303.3346  149.6809  190.2814
  203.0845  144.2292  159.0029
            0.353553  0.615183  0.091924
    3.3720    4.8789    6.1537   85.9640  117.3017   72.4277
   67.8249   40.7584  431.8264  220.5937  208.3360  102.9896
  144.5245  110.0689  197.9031  284.0318  129.9987  222.5260
  208.6270  384.0875  215.9312  210.4790  191.7912  168.9857
  114.4171  172.7331  307.7417  303.7845  152.9007  190.0319
  204.2711  142.4765  152.5741
            0.353553  0.608112  0.098995
    3.2152    4.6532    6.1836   85.6156  116.6743   72.8265
   66.7381   44.3393  389.6230  222.9038  223.0075  102.3960
  146.3454  114.2128  196.4330  269.5682  126.0998  222.6038
  209.6760  408.6864  201.7441  208.6823  166.8909  187.1486
  110.5029  162.2548  304.3093  303.3120  156.2231  189.6532
  204.9835  140.7110  145.9285
            0.353553  0.601041  0.106066
    3.0742    4.4287    6.1881   85.4985  115.5948   73.1559
   65.4860   47.9921  342.9824  243.0536  224.9507  101.3729
  146.7760  118.0219  194.1108  256.6950  122.3367  221.3242
  210.6963  398.8600  218.1989  207.0861  164.5811  174.1975
  114.6119  152.8850  300.8024  301.9236  159.6195  189.1404
  205.2493  138.8543  139.1362
            0.353553  0.593970  0.113137
    2.9481    4.2079    6.1690   85.6388  114.0460   73.3766
   64.0803   51.6425  288.5524  272.3205  226.3245   99.9653
  145.8804  121.3271  191.0173  245.3534  118.6982  218.9633
  211.6082  340.1638  279.2448  205.7859  162.1006  159.8320
  119.9437  144.5960  297.2417  299.6232  163.0526  188.4952
  205.0783  136.8605  132.2696
            0.353553  0.586899  0.120208
    2.8359    3.9928    6.1283   86.0513  112.0287   73.4469
   62.5262   55.2254  228.9265  308.1752  227.0474   98.2569
  143.8073  123.9339  187.2449  235.4112  115.1678  215.8098
  212.3400  302.9670  314.1209  204.9186  159.5031  148.4334
  122.2282  137.3395  293.6363  296.4128  166.4776  187.7262
  204.4732  134.7046  125.4017
            0.353553  0.579828  0.127279
    2.7364    3.7854    6.0682   86.7380  109.5651   73.3226
   60.8038   58.7047  185.3465  329.3474  227.0571   96.3679
  140.7602  125.6307  182.8900  226.6976  111.7287  212.1235
  212.8266  281.6000  328.2245  204.6504  156.8544  139.8157
  121.7811  131.0515  289.9812  292.2937  169.8432  186.8499
  203.4357  132.3768  118.6056
            0.353553  0.572756  0.134350
    2.6484    3.5871    5.9909   87.6862  106.7018   72.9566
   58.8007   62.1434  168.9709  324.5874  226.3123   94.4314
  136.9664  126.2190  178.0480  219.0283  108.3664  208.1120
  213.0079  266.2836  331.1855  205.1597  154.2376  133.1667
  119.5612  125.6563  286.2561  287.2682  173.0947  185.8903
  201.9706  129.8778  111.9526
            0.353553  0.565685  0.141421
    2.5705    3.3993    5.8989   88.8685  103.5145   72.2951
   55.9001   66.1176  166.2289  307.3398  224.7926   92.5446
  132.6513  125.5687  172.8079  212.2205  105.0693  203.9244
  212.8271  253.3007  326.6912  206.6121  151.7641  127.9551
  116.2596  121.0692  282.4257  281.3417  176.1766  184.8784
  200.0870  127.2161  105.5110
            0.353553  0.558614  0.148492
    2.5010    3.2230    5.7944   90.2438  100.0970   71.2882
   46.4366   76.2631  167.1091  222.4972  287.4773   90.7110
  128.0198  123.6791  167.2497  206.1015  101.8295  199.6549
  241.1872  212.2301  316.2848  209.1194  149.6005  123.8889
  112.3348  117.2001  278.4421  274.5248  179.0365  183.8520
  197.8000  124.4066   99.3452
            0.353553  0.551543  0.155563
    2.4386    3.0587    5.6797   91.7595   96.3225   70.1273
   63.6137   59.3587  168.3192  219.4432  268.1568   88.8196
  123.2456  120.7022  161.4432  200.5132   98.6426  195.3517
  229.3287  211.1640  300.7387  212.6267  148.0859  120.8102
  108.1083  113.9560  274.2515  266.8348  181.6291  182.8547
  195.1306  121.4686   93.5146
            0.353553  0.544472  0.162635
    2.3816    2.9066    5.5567   93.3546   89.5173   71.5686
   66.5428   56.2886  169.0105  215.6632  250.1047   86.6859
  116.9007  118.4664  155.4486  195.3142   95.5069  191.0284
  217.4791  209.5765  280.4385  214.9954  149.7190  118.6289
  103.8186  111.2437  269.8032  183.9189  258.2981  181.9339
  192.1054  118.4254   88.0725
            0.353553  0.537401  0.169706
    2.3284    2.7668    5.4273   94.9632   79.3027   76.0871
   67.7878   54.4979  169.0332  211.2013  233.3667   84.1285
  112.5677  113.7838  149.3191  190.3813   92.4234  186.6754
  205.5716  207.4142  255.2997  172.0295  199.3798  117.2865
   99.6438  108.9711  265.0631  185.8830  248.9510  181.1395
  188.7554  115.3037   83.0656
            0.353553  0.530330  0.176777
    2.2778    2.6387    5.2929   96.5187   74.0906   75.3768
   68.2307   53.1268  168.4307  206.1113  217.8150   81.0289
  107.9609  109.2657  143.1046  185.6111   89.3945  182.2691
  193.6340  204.6220  224.2561  163.4810  218.8977  116.7353
   95.7067  107.0494  260.0285  187.5107  238.8421  180.5211
  185.1156  112.1327   78.5331
            0.353553  0.523259  0.183848
    2.2283    2.5216    5.1546   97.9571   71.1792   72.2506
   68.0634   52.0179  167.2964  200.4529  203.2906   77.3522
  103.2748  104.9503  136.8566  180.9222   86.4238  177.7803
  181.7446  201.1423  185.0549  175.6148  224.7172  116.9289
   92.0751  105.3944  254.7426  188.8014  228.0341  180.1251
  181.2234  108.9443   74.5061
            0.353553  0.516188  0.190919
    2.1788    2.4146    5.0133   99.2206   68.9749   68.4133
   67.3770   51.1249  165.7347  194.2902  189.6404   73.1361
   98.6415  100.8509  130.6326  176.2558   83.5154  173.1802
  170.0058  196.9159  140.8549  194.7323  117.8156  227.7861
   88.7623  103.9271  249.3061  189.7574  216.6066  179.9898
  177.1170  105.7723   71.0073
            0.353553  0.509117  0.197990
    2.1284    2.3165    4.8695  100.2596   67.0426   64.4074
   66.2443   50.4287  163.8544  187.6903  176.7211   68.4693
   94.1445   96.9604  124.4999  171.5773   80.6733  168.4451
  158.5278  191.8854  110.3966  201.7135  119.3349  228.8476
   85.7329  102.5745  243.8842  190.3726  204.6605  180.1398
  172.8344  102.6518   68.0505
            0.353553  0.502046  0.205061
    2.0763    2.2260    4.7233  101.0346   65.2473   60.4677
   64.7375   49.9165  161.7759  180.7221  164.3900   63.4698
   89.8314   93.2566  118.5380  166.8760   77.9009  163.5588
  147.4180  186.0057   98.0049  192.4287  121.4092  228.0279
   82.9162  101.2703  238.7130  190.6108  192.3248  180.5767
  168.4119   99.6193   65.6405
            0.353553  0.494975  0.212132
    2.0219    2.1416    4.5748  101.5168   63.5440   56.7284
   62.9324   49.5752  159.6502  173.4565  152.4827   58.2683
   85.7243   89.7070  112.8380  162.1631   75.2013  158.5151
  136.7730  179.2653   92.9058  177.7750  123.9272  225.4844
   80.2233   99.9550  234.1157  190.3697  179.7672  181.2668
  163.8828   96.7112   63.7732
            0.353553  0.487904  0.219203
    1.9650    2.0620    4.4239  101.6884   61.9182   53.2802
   60.9073   49.3899  157.6955  165.9654  140.7760   52.9959
   81.8277   86.2735  107.5014  157.4687   72.5761  153.3180
  126.6744  171.7215   89.7878  126.7145  163.0648  221.4566
   77.5661   98.5764  230.5429  189.4169  167.2095  182.1234
  159.2768   93.9629   62.4353
            0.353553  0.480833  0.226274
    1.9054    1.9859    4.2703  101.5421   60.3650   50.1896
   58.7401   49.3438  156.2495  158.3223  128.9332   47.7762
   78.1336   82.9176  102.6349  152.8373   70.0265  147.9827
  117.1866  163.5427   87.1751  129.4979  149.6910  216.2290
   74.8728   97.0899  228.6542  187.2883  154.9487  182.9842
  154.6187   91.4080   61.6049
            0.353553  0.473762  0.233345
    1.8432    1.9122    4.1138  101.0803   58.8810   47.5058
   56.5043   49.4194  155.6771  150.6015  116.5963   42.7201
   74.6265   79.6046   98.3458  148.3222   67.5524  142.5353
  108.3553  155.0286   84.7043  131.8916  137.8930  210.0888
   72.0983   95.4584  229.3363  183.2552  143.3801  183.5859
  149.9285   89.0768   61.2521
            0.353553  0.466690  0.240416
    1.7787    1.8399    3.9543  100.3146   57.4603   54.2663
   45.2650   49.5999  142.8775  154.5212  105.2349   37.9221
   71.2876   76.3075   94.7344  143.9796   65.1527  137.0131
  100.2078  146.5650   82.3038  133.4486  127.6075  203.2973
   69.2295   93.6528  232.7933  177.2251  133.0124  183.5478
  145.2207   86.9949   61.3394
            0.353553  0.459619  0.247487
    1.7124    1.7683    3.7920   99.2640   56.0927   52.0810
   43.4920   49.8707  135.2245  144.6051  103.0434   33.4592
   68.0975   73.0095   91.8877  139.8630   62.8257  131.4645
   92.7537  138.5079   79.9776  133.7828  118.6999  196.0764
   66.2850   91.6518  235.7275  172.5586  124.4525  182.3850
  140.5052   85.1821   61.8227
            0.353553  0.452548  0.254558
    1.6447    1.6970    3.6270   97.9548   54.7625   49.9906
   42.2025   50.2206  127.7154  128.6528  107.3213   29.3891
   65.0392   69.7062   89.8720  136.0179   60.5688  125.9491
   85.9860  131.0653   77.7464  132.6918  111.0291  188.6051
   63.3115   89.4414  235.2149  172.1951  118.3301  179.5830
  135.7871   83.6509   62.6523
            0.353553  0.445477  0.261630
    1.5764    1.6259    3.4601   96.4190   53.4478   48.0227
   41.4048   50.6426  120.4208  116.0927  108.6695   25.7510
   62.1003   66.4060   88.7267  132.4782   58.3793  120.5373
   79.8816  124.2618   75.6306  130.1969  104.4643  181.0231
   60.3769   87.0140  233.9635  173.4001  115.1486  174.7445
  131.0685   82.4060   63.7737
            0.353553  0.438406  0.268701
    1.5082    1.5550    3.2924   94.6940   52.1200   46.1901
   41.1017   51.1344  113.4076  106.7096  107.3389   22.5655
   59.2741   63.1293   88.4585  129.2644  115.3097   56.2545
   74.4029  117.9949   73.6461  126.4892   98.8875  173.4376
   57.5615   84.3673  233.6588  174.4277  115.1103  167.7627
  126.3495   81.4434   65.1296
            0.353553  0.431335  0.275772
    1.4411    1.4849    3.1251   92.8217   50.7428   44.4912
   41.2931   51.6985  106.7386   99.2624  104.6121   19.8364
   56.5605   59.9070   89.0375  126.3829  110.3564   54.1929
   69.4980  112.1223   71.8038  121.8444   94.1913  165.9325
   54.9485   81.5024  234.2693  175.2236  118.0223  158.9127
  121.6307   80.7506   66.6603
            0.353553  0.424264  0.282843
    1.3759    1.4160    2.9601   90.8480   49.2720   42.9106
   41.9778   52.3433  100.4716   93.1031  101.1849   17.5516
   53.9665   56.7781   90.3950  123.8279  105.7750   52.1958
   65.1013  106.5274   70.1104  116.5553   90.2767  158.5778
   52.6130   78.4223  235.4606  176.0210  123.3610  148.7840
  116.9157   80.3064   68.3057
            0.353553  0.417193  0.289914
    1.3134    1.3493    2.7995   88.8224   47.6552   41.4197
   43.1559   53.0835   94.6585   87.9072   97.4350   15.6860
   51.5055   53.7863   92.4232  121.5841  101.6688   50.2682
   61.1336  101.1496   68.5695  110.8989   87.0512  151.4412
   50.6130   75.1297  236.9537  176.9886  130.4520  138.0943
  112.2155   80.0821   70.0062
            0.353553  0.410122  0.296985
    1.2547    1.2857    2.6457   86.7973   45.8317   39.9767
   44.8295   53.9421   89.3455   83.4971   93.5978   14.2032
   49.1970   50.9773   94.9794  119.6306   98.1431   48.4211
   57.5041   95.9882   67.1829  105.1253   84.4278  144.5994
   48.9825   71.6276  238.5517  178.2102  138.6436  127.5087
  107.5531   80.0427   71.7041
            0.353553  0.403051  0.304056
    1.2005    1.2262    2.5013   84.8274   43.7360   38.5258
   47.0021   54.9527   84.5725   79.7651   89.8430   13.0593
   47.0652   48.3959   97.8913  117.9450   95.2984   46.6726
   54.1161   91.0926   65.9518   99.4579   82.3253  138.1500
   47.7271   67.9216  240.1202  179.7030  147.3920  117.5424
  102.9700   80.1483   73.3446
            0.353553  0.395980  0.311127
    1.1518    1.1720    2.3690   82.9684   41.3056   36.9960
   49.6723   56.1626   80.3735   76.6390   86.3063   12.2052
   45.1376   46.0829  100.9669  116.5071   93.2116   45.0484
   50.8845   86.5476   64.8772   94.0971   80.6686  132.2202
   46.8248   64.0291  241.5703  181.4317  156.2588  108.5484
   98.5332   80.3562   74.8770
            0.353553  0.388909  0.318198
    1.1091    1.1240    2.2515   81.2759   38.5002   35.3014
   52.8164   57.6341   76.7766   74.0673   83.1032   11.5904
   43.4428   44.0735  104.0056  115.3010   91.8945   43.5809
   47.7784   82.4570   63.9609   89.2228   79.3897  126.9687
   46.2296   59.9981  242.8455  183.3137  164.8619  100.7477
   94.3423   80.6234   76.2555
            0.353553  0.381838  0.325269
    1.0733    1.0833    2.1514   79.8033   35.3414   33.3502
   56.3519   59.4369   73.8047   72.0112   80.3339   11.1658
   42.0095   42.3963  106.8106  114.3169   91.2239   42.3073
   44.8940   78.9295   63.2052   84.9945   78.4288  122.5705
   45.8792   55.9388  243.9123  185.2227  172.8201   94.2704
   90.5335   80.9082   77.4402
            0.353553  0.374767  0.332340
    1.0448    1.0506    2.0709   78.5997   31.9818   31.0854
   60.0701   61.6082   71.4758   70.4412   78.0842   10.8871
   40.8639   41.0727  109.2017  113.5502   90.9025   41.2660
   42.4965   76.0673   62.6129   81.5506   77.7356  119.1775
   45.7038   52.0684  244.7520  186.9953  179.7169   89.1889
   87.2769   81.1732   78.3974
            0.353553  0.367696  0.339411
    1.0241    1.0268    2.0119   77.7071   28.7956   28.6098
   63.5494   64.0291   69.8031   69.3352   76.4243   10.7166
   40.0284   40.1181  111.0265  113.0003   90.6058   40.4926
   40.8790   73.9570   62.1871   79.0047   77.2697  116.8581
   45.6359   48.7461  245.3554  188.4477  185.1036   85.5415
   84.7608   81.3866   79.1005
            0.353553  0.360624  0.346482
    1.0116    1.0122    1.9759   77.1579   26.4090   26.4302
   66.1272   66.1808   68.7959   68.6777   75.4067   10.6261
   39.5199   39.5418  112.1693  112.6691   90.2734   40.0160
   40.0750   72.6638   61.9304   77.4418   77.0021  115.5577
   45.6198   46.4476  245.7184  189.4051  188.5511   83.3473
   83.1635   81.5246   79.5302
            0.353553  0.353553  0.353553
    1.0074    1.0074    1.9638   76.9725   25.5086   25.5086
   67.0940   67.0940   68.4595   68.4595   75.0639   10.5980
   39.3492   39.3492  112.5584  112.5584   90.1166   39.8550
   39.8550   72.2282   61.8446   76.9148   76.9148  115.1474
   45.6187   45.6187  245.8395  189.7400  189.7400   82.6152
   82.6152   81.5723   79.6748
            0.346482  0.346482  0.346482
    1.0107    1.0107    1.9729   77.1132   36.1208   36.1208
   56.6533   56.6533   68.8321   68.8321   77.9326   10.7590
   39.5237   39.5237  112.7990  112.7990   90.5479   40.3277
   40.3277   71.5210   63.1960   77.4878   77.4878  115.8272
   46.1332   46.1332  245.6056  189.6500  189.6500   83.0313
   83.0313   81.6321   80.0049
            0.339411  0.339411  0.339411
    1.0204    1.0204    2.0000   77.5732   39.7785   39.7785
   53.4991   53.4991   69.9450   69.9450   86.2924   11.2370
   40.0443   40.0443  113.5133  113.5133   91.8308   41.7340
   41.7340   69.7913   66.8797   79.1933   79.1933  117.8031
   47.6639   47.6639  245.0109  189.3803  189.3803   84.2622
   84.2622   81.8140   81.0064
            0.332340  0.332340  0.332340
    1.0364    1.0364    2.0451   78.4658   41.1272   41.1272
   52.9530   52.9530   71.7840   71.7840   99.4380   12.0174
   40.9029   40.9029  114.6803  114.6803   93.9329   44.0384
   44.0384   69.7715   70.2254   81.9919   81.9919  120.8926
   50.1709   50.1709  244.3432  188.9321  188.9321   86.2568
   86.2568   82.1254   82.7112
            0.325269  0.325269  0.325269
    1.0582    1.0582    2.1085   79.9810   42.0522   42.0522
   53.0771   53.0771   74.3252   74.3252  116.2969   13.0767
   42.0863   42.0863  116.2646  116.2646   96.8023   47.1836
   47.1836   84.5363   60.2539   85.8200   85.8200  124.8163
   53.5878   53.5878  243.9862  188.3077  188.3077   88.9343
   88.9343   82.5782   85.1660
            0.318198  0.318198  0.318198
    1.0852    1.0852    2.1905   82.3840   43.0349   43.0349
   53.3212   53.3212   77.5340   77.5340  135.5480   14.3838
   43.5770   43.5770  118.2178  118.2178  100.3699   51.0921
   51.0921   95.2368   55.9312   90.5932   90.5932  129.2333
   57.8210   57.8210  244.3150  187.5103  187.5103   92.1908
   92.1908   83.1891   88.4237
            0.311127  0.311127  0.311127
    1.1170    1.1170    2.2918   86.0065   44.2389   44.2389
   53.4411   53.4411  155.7399   81.3651   81.3651   15.9016
   45.3535   45.3535  120.4793  120.4793  104.5529   55.6689
   55.6689  105.7319   53.5183   96.2104   96.2104  133.7861
   62.7496   62.7496  245.6059  186.5453  186.5453   95.9066
   95.9066   83.9803   92.5321
            0.304056  0.304056  0.304056
    1.1532    1.1532    2.4135   91.2243   45.7148   45.7148
   53.2993   53.2993  175.4010   85.7617   85.7617   17.5891
   47.3912   47.3912  122.9783  122.9783  109.2592   60.8048
   60.8048  116.4913   52.6446  102.5579  102.5579  138.1489
   68.2265   68.2265  247.9795  185.4215  185.4215   99.9549
   99.9549   84.9805   97.5211
            0.296985  0.296985  0.296985
    1.1933    1.1933    2.5569   98.4127   47.4578   47.4578
   52.8138   52.8138  193.1431   90.6549   90.6549   19.4035
   49.6625   49.6625  125.6362  125.6362   66.3791   66.3791
  114.3915  127.1178   53.7591  109.5140  109.5140  142.0743
   74.0807   74.0807  251.3784  184.1530  184.1530  104.2104
  104.2104   86.2255  103.3920
            0.289914  0.289914  0.289914
    1.2374    1.2374    2.7238  107.8739   49.4294   49.4294
   51.9420   51.9420  207.7706   95.9640   95.9640   21.3025
   52.1371   52.1371  128.3704  128.3704   72.2631   72.2631
  119.8516  137.3314   57.1253  116.9535  116.9535  145.4314
   80.1212   80.1212  255.5733  182.7614  182.7614  108.5565
  108.5565   87.7594  110.1102
            0.282843  0.282843  0.282843
    1.2855    1.2855    2.9160  119.7445   51.5698   51.5698
   50.6751   50.6751  218.3951  101.5961  101.5961   23.2463
   54.7816   54.7816  131.0989  131.0989   78.3227   78.3227
  125.5452  146.9682   62.8078  124.7508  124.7508   86.1436
   86.1436  148.2291  260.1869  181.2786  181.2786  112.8919
  112.8919   89.6324  117.6019
            0.275772  0.275772  0.275772
    1.3381    1.3381    3.1349  133.9027   53.8061   53.8061
   49.0357   49.0357  224.5375  107.4478  107.4478   25.1999
   57.5595   57.5595  133.7457  133.7457   84.4203   84.4203
  131.3850  155.9544   70.6963  132.7838  132.7838   91.9391
   91.9391  150.6172  264.7341  179.7482  179.7482  117.1350
  117.1350   91.8987  125.7579
            0.268701  0.268701  0.268701
    1.3958    1.3958    3.3818  149.9179   56.0593   56.0593
   47.0758   47.0758  226.1820  113.4062  113.4062   27.1342
   60.4307   60.4307  136.2483  136.2483   90.4150   90.4150
  137.2945  164.2818   80.5391  140.9359  140.9359   97.3057
   97.3057  152.8576  268.6804  178.2262  178.2262  121.2275
  121.2275   94.6116  134.4426
            0.261630  0.261630  0.261630
    1.4592    1.4592    3.6570  167.0753   58.2504   58.2504
   44.8732   44.8732  223.7480  119.3516  119.3516   29.0275
   63.3514   63.3514  138.5661  138.5661  171.9867   96.1607
   96.1607  143.2097   91.9820  149.0988  149.0988  102.0616
  102.0616  155.2605  271.5223  176.7804  176.7804  125.1348
  125.1348   97.8170  143.5081
            0.254558  0.254558  0.254558
    1.5293    1.5293    3.9600  184.4820   60.3066   60.3066
   42.5280   42.5280  217.9760  125.1606  125.1606   30.8664
   66.2742   66.2742  140.6906  140.6906  179.1319  101.5024
  101.5024  149.0808  104.6088  157.1729  157.1729  106.0609
  106.0609  158.1011  272.8772  175.4870  175.4870  128.8469
  128.8469  101.5460  152.8113
            0.247487  0.247487  0.247487
    1.6068    1.6068    4.2892  201.2207   62.1657   62.1657
   40.1566   40.1566  209.7615  130.7107  130.7107   32.6453
   69.1494   69.1494  185.7921  142.6553  142.6553  106.2707
  106.2707  154.8719  117.9807  165.0694  165.0694  109.2084
  109.2084  161.5461  272.5553  174.4267  174.4267  132.3764
  132.3764  105.8076  162.2337
            0.240416  0.240416  0.240416
    1.6923    1.6923    4.6422  216.4934   63.7811   63.7811
   37.8851   37.8851  199.9951  135.8842  135.8842   34.3666
   71.9261   71.9261  192.0412  144.5397  144.5397  110.2809
  110.2809  160.5609  131.6708  172.7102  172.7102  111.4749
  111.4749  165.6258  270.5802  173.6794  173.6794  135.7570
  135.7570  110.5821  171.7003
            0.233345  0.233345  0.233345
    1.7860    1.7860    5.0152  229.7140   65.1244   65.1244
   35.8407   35.8407  189.4514  140.5742  140.5742   36.0392
   74.5547   74.5547  197.9418  146.4571  146.4571  166.1374
  113.3469  113.3469  145.2938  180.0280  180.0280  112.9098
  112.9098  170.2605  267.1519  173.3180  173.3180  139.0405
  139.0405  115.8153  181.1975
            0.226274  0.226274  0.226274
    1.8879    1.8879    5.4035  240.5377   66.1879   66.1879
   34.1432   34.1432  178.7393  144.6889  144.6889   37.6777
   76.9896   76.9896  203.5368  148.5173  148.5173  171.6005
  115.3185  115.3185  158.5268  186.9661  186.9661  113.6509
  113.6509  175.3186  262.5765  173.4039  173.4039  142.2936
  142.2936  121.4165  190.7874
            0.219203  0.219203  0.219203
    1.9974    1.9974    5.8011  248.8413   66.9858   66.9858
   32.8961   32.8961  168.3005  148.1563  148.1563   39.2998
   79.1926   79.1926  208.8430  150.7796  150.7796  176.9553
  116.1268  116.1268  171.1228  193.4775  193.4775  113.9301
  113.9301  180.6724  173.9832  173.9832  257.1955  145.5928
  145.5928  127.2591  200.6181
            0.212132  0.212132  0.212132
    2.1133    2.1133    6.2011  254.6774   67.5538   67.5538
   32.1790   32.1790  158.4331  150.9269  150.9269   40.9253
   81.1364   81.1364  213.8490  153.2311  153.2311  182.2100
  115.8031  115.8031  182.9150  199.5232  199.5232  114.0756
  114.0756  186.2333  175.0872  175.0872  251.3371  149.0178
  149.0178  133.1837  210.9292
            0.205061  0.205061  0.205061
    2.2338    2.2338    6.5951  258.2222   67.9479   67.9479
   32.0407   32.0407  149.3227  152.9753  152.9753   42.5734
   82.8071   82.8071  218.5159  155.8039  155.8039  187.3719
  114.4580  114.4580  193.8122  205.0709  205.0709  114.5086
  114.5086  191.9645  176.7362  176.7362  245.2881  152.6406
  152.6406  139.0055  222.0514
            0.197990  0.197990  0.197990
    2.3565    2.3565    6.9739  259.7289   68.2423   68.2423
   32.4958   32.4958  141.0699  154.2994  154.2994   44.2607
   84.2074   84.2074  222.7813  158.4100  158.4100  192.4439
  112.2413  112.2413  203.7889  210.0929  210.0929  115.7374
  115.7374  197.8784  178.9529  178.9529  239.2825  156.5085
  156.5085  144.5227  234.4017
            0.190919  0.190919  0.190919
    2.4783    2.4783    7.3271  259.4890   68.5256   68.5256
   33.5234   33.5234  133.7108  154.9178  154.9178   46.0001
   85.3581   85.3581  226.5669  160.9661  160.9661  197.4217
  109.3123  109.3123  212.8682  214.5638  214.5638  118.3463
  118.3463  204.0285  181.7836  181.7836  160.6171  160.6171
  233.4967  149.5267  248.4723
            0.183848  0.183848  0.183848
    2.5960    2.5960    7.6438  257.8049   68.8971   68.8971
   35.0688   35.0688  127.2311  154.8656  154.8656   47.7988
   86.2985   86.2985  229.7865  163.4035  163.4035  202.2910
  105.8242  105.8242  221.1030  218.4588  218.4588  122.9813
  122.9813  210.4998  185.3170  185.3170  164.8894  164.8894
  228.0480  153.8123  264.8152
            0.176777  0.176777  0.176777
    2.7056    2.7056    7.9134  254.9701   69.4614   69.4614
   37.0480   37.0480  121.5759  154.1888  154.1888   49.6574
   87.0862   87.0862  232.3545  165.6671  165.6671  207.0262
  101.9196  101.9196  228.5558  221.7522  221.7522  130.3318
  130.3318  217.4008  189.5946  189.5946  169.2627  169.2627
  222.9942  157.1865  284.0221
            0.169706  0.169706  0.169706
    2.8030    2.8030    8.1254  251.2569   70.3236   70.3236
   39.3541   39.3541  116.6587  152.9393  152.9393   51.5699
   87.7951   87.7951  234.1932  167.7107  167.7107  211.5890
   97.7290   97.7290  235.2797  224.4157  224.4157  141.1076
  141.1076  224.8555  194.4461  194.4461  173.8544  173.8544
  218.3365  159.4760  306.7011
            0.162635  0.162635  0.162635
    2.8842    2.8842    8.2709  246.9080   71.5834   71.5834
   41.8655   41.8655  112.3696  151.1694  151.1694   53.5231
   88.5116   88.5116  235.2385  169.4923  169.4923  215.9294
   93.3716   93.3716  241.3015  226.4188  226.4188  156.0110
  156.0110  232.9956  200.1879  200.1879  178.2657  178.2657
  214.0244  160.5330  333.4493
            0.155563  0.155563  0.155563
    2.9452    2.9452    8.3427  242.1326   73.3303   73.3303
   44.4541   44.4541  108.5845  148.9279  148.9279   55.4978
   89.3311   89.3311  235.4445  170.9697  170.9697  219.9870
   88.9549   88.9549  246.6097  227.7290  227.7290  175.7042
  175.7042  241.9516  207.4850  207.4850  181.7268  181.7268
  209.9648  160.2402  364.8246
            0.148492  0.148492  0.148492
    2.9826    2.9826    8.3356  237.1048   75.6383   75.6383
   46.9941   46.9941  105.1747  146.2582  146.2582   57.4693
   90.3525   90.3525  234.7872  172.0967  172.0967  223.6933
  251.1454   84.5751   84.5751  228.3137  228.3137  200.7739
  200.7739  251.8423  216.3537  216.3537  184.1041  184.1041
  206.0334  158.5148  401.3150
            0.141421  0.141421  0.141421
    2.9932    2.9932    8.2470  231.9645   78.5624   78.5624
   49.3690   49.3690  102.0159  143.1972  143.1972   59.4087
   91.6729   91.6729  233.2682  172.8205  172.8205  226.9752
  254.7987   80.3177   80.3177  228.1419  228.1419  231.6923
  231.6923  262.7634  226.5821  226.5821  185.4910  185.4910
  202.0886  155.3135  443.3090
            0.134350  0.134350  0.134350
    2.9749    2.9749    8.0766  226.8199   82.1350   82.1350
   51.4785   51.4785   98.9955  139.7758  139.7758   61.2851
   93.3818   93.3818  230.9182  173.0796  173.0796  229.7597
  257.4104   76.2592   76.2592  227.1876  227.1876  268.7810
  268.7810  274.7756  238.0180  238.0180  185.9338  185.9338
  197.9860  150.6370  491.0664
            0.127279  0.127279  0.127279
    2.9262    2.9262    7.8265  221.7524   86.3639   86.3639
   53.2422   53.2422   96.0173  136.0212  136.0212   63.0665
   95.5567   95.5567  227.8009  172.8023  172.8023  231.9781
  258.7777   72.4706   72.4706  225.4312  225.4312  312.1786
  312.1786  287.8946  250.5799  250.5799  185.4297  185.4297
  193.5916  144.5342  544.6924
            0.120208  0.120208  0.120208
    2.8466    2.8466    7.5009  216.8214   91.2318   91.2318
   54.6035   54.6035   93.0054  131.9592  131.9592   64.7221
   98.2586   98.2586  224.0147  171.9053  171.9053  233.5711
  258.6658   69.0239   69.0239  222.8597  222.8597  361.8181
  361.8181  302.0842  264.2296  264.2296  183.9597  183.9597
  188.7941  137.1051  604.1152
            0.113137  0.113137  0.113137
    2.7367    2.7367    7.1058  212.0715   96.6964   96.6964
   55.5298   55.5298   89.9041  127.6174  127.6174   66.2242
  101.5296  101.5296  219.6938  170.2935  170.2935  234.4939
  256.8240   66.0043   66.0043  219.4610  219.4610  417.4149
  417.4149  317.2533  278.9493  278.9493  181.5099  181.5099
  183.5138  128.4991  669.0695
            0.106066  0.106066  0.106066
    2.5979    2.5979    6.6492  207.5378  102.6917  102.6917
   56.0128   56.0128   86.6776  123.0277  123.0277   67.5491
  105.3910  105.3910  215.0057  167.8593  167.8593  234.7200
  253.0062   63.5343   63.5343  215.2069  215.2069  478.4671
  478.4671  333.2578  294.7209  294.7209  178.0846  178.0846
  177.7103  118.9114  739.0859
            0.098995  0.098995  0.098995
    2.4328    2.4328    6.1401  203.2517  109.1301  109.1301
   56.0666   56.0666   83.3082  118.2292  118.2292   68.6791
  109.8435  109.8435  210.1452  164.4833  164.4833  246.9964
  234.2456   61.8236   61.8236  210.0101  210.0101  544.2666
  544.2666  349.9060  311.5053  311.5053  173.7134  173.7134
  171.3864  108.5729  813.4890
            0.091924  0.091924  0.091924
    2.2444    2.2444    5.5889  199.2444  115.9061  115.9061
   55.7250   55.7250   79.7950  113.2704  113.2704   69.6033
  114.8690  114.8690  205.3251  160.0352  160.0352  238.6353
  233.0912   61.2766   61.2766  203.6211  203.6211  613.9185
  613.9185  366.9669  329.2234  329.2234  168.4565  168.4565
  164.5898   97.7384  891.4030
            0.084853  0.084853  0.084853
    2.0367    2.0367    5.0070  195.5480  122.8997  122.8997
   55.0376   55.0376   76.1519  108.2105  108.2105   70.3181
  120.4327  120.4327  200.7630  154.3763  154.3763  227.8491
  231.3033   62.7387   62.7387  195.3856  195.3856  686.3657
  686.3657  384.1811  347.7405  347.7405  162.4066  162.4066
  157.4122   86.6725  971.7658
            0.077782  0.077782  0.077782
    1.8145    1.8145    4.4062  192.1949  129.9807  129.9807
   54.0661   54.0661   72.4069  103.1202  103.1202   70.8280
  126.4874  126.4874  196.6661  214.6758  147.3691  147.3691
  228.9542   68.0505   68.0505  183.6857  183.6857  760.4152
  760.4152  401.2720  366.8560  366.8560  155.6902  155.6902
  149.9835   75.6354 1053.3516
            0.070711  0.070711  0.070711
    1.5827    1.5827    3.7990  189.2146  137.0131  137.0131
   52.8799   52.8799   68.6014   98.0818   98.0818   71.1450
  132.9761  132.9761  193.2149  199.2874  138.8998  138.8998
  226.1398   80.9913   80.9913  164.9778  164.9778  834.7670
  834.7670  417.9578  386.3004  386.3004  148.4669  148.4669
  142.4618   64.8717 1134.8014
            0.063640  0.063640  0.063640
    1.3470    1.3470    3.1982  186.6298  143.8597  143.8597
   51.5516   51.5516   64.7896   93.1877   93.1877   71.2888
  139.8346  139.8346  190.5473  182.0044  128.9293  128.9293
  222.9769  106.4926  106.4926  134.5321  134.5321  908.0420
  908.0420  433.9639  405.7397  405.7397  140.9257  140.9257
  135.0209   54.6014 1214.6597
            0.056569  0.056569  0.056569
    1.1130    1.1130    2.6163  184.4516  150.3866  150.3866
   50.1537   50.1537   61.0377   88.5385   88.5385   71.2849
  146.9913  146.9913  188.7461  163.2995  117.5875  117.5875
  219.5982  141.0095  141.0095   95.9724   95.9724  978.8127
  978.8127  449.0337  424.7859  424.7859  133.2807  133.2807
  127.8353   45.0147 1291.4168
            0.049497  0.049497  0.049497
    0.8871    0.8871    2.0660  182.6766  156.4664  156.4664
   48.7547   48.7547   57.4226   84.2385   84.2385   71.1641
  154.3615  154.3615  187.8297  143.7892  105.2950  105.2950
  216.1477  169.2878  169.2878   64.3932   64.3932 1045.6351
 1045.6351  462.9375  443.0131  443.0131  125.7637  125.7637
  121.0662   36.2700 1363.5541
            0.042426  0.042426  0.042426
    0.6751    0.6751    1.5595  181.2847  161.9824  161.9824
   47.4173   47.4173   54.0297   80.3898   80.3898   70.9608
  161.8362  161.8362  187.7469  124.2132   92.8284   92.8284
  212.7732  186.0275  186.0275   44.6426   44.6426 1107.0853
 1107.0853  475.4760  459.9767  459.9767  118.6151  118.6151
  114.8537   28.4947 1429.5915
            0.035355  0.035355  0.035355
    0.4832    0.4832    1.1084  180.2402  166.8302  166.8302
   46.1960   46.1960   50.9490   77.0833   77.0833   70.7104
  169.2624  169.2624  188.3763  105.4026   81.1816   81.1816
  209.6211  195.0750  195.0750   32.2844   32.2844 1161.7981
 1161.7981  486.4780  475.2351  475.2351  112.0739  112.0739
  109.3154   21.7872 1488.1338
            0.028284  0.028284  0.028284
    0.3171    0.3171    0.7230  179.4949  170.9201  170.9201
   45.1366   45.1366   48.2714   74.3872   74.3872   70.4480
  176.4171  176.4171  189.5265   88.2422   71.2142   71.2142
  206.8285  199.6504  199.6504   23.7416   23.7416 1208.5109
 1208.5109  495.7906  488.3709  488.3709  106.3663  106.3663
  104.5546   16.2208 1537.9155
            0.021213  0.021213  0.021213
    0.1819    0.1819    0.4128  178.9941  174.1782  174.1782
   44.2759   44.2759   46.0832   72.3359   72.3359   70.2059
  182.9762  182.9762  190.9398   73.6272   63.3600   63.3600
  204.5177  201.4965  201.4965   17.4607   17.4607 1246.1075
 1246.1075  503.2665  499.0113  499.0113  101.6951  101.6951
  100.6734   11.8474 1577.8413
            0.014142  0.014142  0.014142
    0.0820    0.0820    0.1855  178.6836  176.5467  176.5467
   43.6418   43.6418   44.4599   70.9227   70.9227   70.0116
  188.4768  188.4768  192.3053   62.4112   57.6709   57.6709
  202.7904  201.8041  201.8041   12.9616   12.9616 1273.6631
 1273.6631  508.7575  506.8463  506.8463   98.2298   98.2298
   97.7810    8.7022 1607.0209
            0.007071  0.007071  0.007071
    0.0207    0.0207    0.0467  178.5179  177.9843  177.9843
   43.2538   43.2538   43.4606   70.1075   70.1075   69.8862
  192.2790  192.2790  193.2995   55.3328   54.1346   54.1346
  201.7225  201.5340  201.5340   10.2066   10.2066 1290.4839
 1290.4839  512.1235  511.6435  511.6435   96.0978   96.0978
   95.9872    6.8073 1624.7973
            0.000000  0.000000  0.000000
   -0.0000   -0.0000   -0.0000  178.4662  178.4662  178.4662
   43.1231   43.1231   43.1231   69.8429   69.8429   69.8429
  193.6644  193.6644  193.6644   52.9103   52.9103   52.9103
  201.3612  201.3612  201.3612    9.2745    9.2745 1296.1395
 1296.1395  513.2588  513.2588  513.2588   95.3782   95.3782
   95.3782    6.1744 1630.7680
            0.000000  0.014142  0.000000
    0.0040    0.0040    0.1093  178.5404  177.8219  177.8219
   42.9694   42.9694   44.2298   70.0878   70.0878   70.1078
  192.1085  192.4092  192.4092   57.8858   53.6379   53.6379
  201.4957  201.4957  202.0781    9.3572   11.5992 1288.8910
 1288.3434  511.1515  511.1515  511.6571   95.9072   95.9072
   97.0538    7.0188 1622.8162
            0.000000  0.028284  0.000000
    0.0176    0.0176    0.4299  178.7666  175.9173  175.9173
   42.5263   42.5263   47.4976   70.8079   70.8079   70.8902
  188.3062  189.2530  189.2531   72.5034   55.4156   55.4156
  201.8131  201.8131  204.1755    9.6009   17.6816 1267.4804
 1265.4453  504.9360  504.9360  506.8817   97.4755   97.4755
  102.0325    9.5542 1599.2508
            0.000000  0.042426  0.000000
    0.0451    0.0451    0.9417  179.1550  172.8351  172.8351
   41.8456   41.8456   52.7735   71.9754   71.9754   72.1548
  183.9798  185.1789  185.1789   95.8818   57.9960   57.9960
  201.9040  201.9040  207.4971    9.9935   25.7210 1232.8884
 1228.8505  494.9190  494.9190  499.0220  100.0322  100.0322
  110.1726   13.7836 1560.9237
            0.000000  0.056569  0.000000
    0.0925    0.0925    1.6134  179.7208  168.7073  168.7073
   41.0069   41.0069   59.8127   73.5806   73.5806   73.8457
  180.4200  180.7316  180.7317  126.6863   62.5716   62.5717
  200.4958  200.4958  211.7966   10.5144   34.2983 1186.6751
 1180.7054  481.5741  481.5741  488.2268  103.5068  103.5068
  121.2501   19.7046 1509.1994
            0.000000  0.070711  0.000000
    0.1671    0.1671    2.4072  180.4818  163.7078  163.7078
   40.1077   40.1076   68.2939   75.6521   75.6521   75.8915
  178.1337  176.1471  176.1472  163.2885   72.3137   72.3138
  194.7062  194.7062  216.7566   11.1357   42.7314 1130.8749
 1123.6524  465.4956  465.4956  474.7031  107.8224  107.8224
  134.9734   27.2982 1445.8765
            0.000000  0.084853  0.000000
    0.2751    0.2751    3.2824  181.4546  158.0418  158.0418
   39.2518   39.2518   77.8392   78.2589   78.2589   78.2103
  177.0961  171.5926  171.5927  203.9243   90.4590   90.4592
  222.0132   11.8231  181.6426  181.6427   50.8284 1067.8612
 1060.5665  447.3493  447.3493  458.7150  112.9033  112.9033
  151.0011   36.5161 1373.0850
            0.000000  0.098995  0.000000
    0.4215    0.4215    4.1996  182.6511  151.9341  151.9341
   38.5372   38.5371   88.0389   81.5008   81.5007   80.7162
  177.0388  167.2409  167.2409  246.8215  114.1367  114.1369
   12.5369  227.1833  164.4342  164.4344   58.6080 1000.1930
  994.3162  427.8264  427.8265  440.5801  118.6744  118.6744
  168.9590   47.2685 1293.1692
            0.000000  0.113137  0.000000
    0.6081    0.6081    5.1235  184.0741  145.6165  145.6165
   38.0439   38.0438   98.4809   85.4927   85.4927   83.3261
  177.6173  163.2629  163.2629  290.2826  136.2791  136.2789
   13.2348  231.8922  150.2710  150.2711   66.1434  930.4545
  927.5725  407.6056  407.6056  420.6654  125.0520  125.0520
  188.4538   59.4138 1208.5622
            0.000000  0.127279  0.000000
    0.8334    0.8334    6.0252  185.7140  139.3151  139.3151
   37.8252   37.8252  108.7820   90.3477   90.3477   85.9650
  178.4896  159.8057  159.8057  332.7251  154.2414  154.2412
   13.8742  235.8003  141.7623  141.7625   73.4975  861.1007
  862.6758  387.3228  387.3228  399.3799  131.9307  131.9307
  209.0815   72.7516 1121.6624
            0.000000  0.141421  0.000000
    1.0920    1.0920    6.8821  187.5468  133.2390  133.2390
   37.9015   37.9014  118.6228   96.1581   96.1580   88.5726
  179.3515  372.6913  156.9763  156.9763  168.9355  168.9353
   14.4146  238.6255  137.7980  137.7981   80.7045  794.3199
  801.5567  367.5498  367.5498  377.1657  139.1701  139.1700
  230.4323   87.0220 1034.7188
            0.000000  0.155563  0.000000
    1.3752    1.3752    7.6770  189.5333  127.5699  127.5699
   38.2579   38.2579  127.7809  102.9774  102.9774   91.1064
  179.9528  408.8430  154.8342  154.8341  181.6144  181.6142
   14.8207  240.1613   87.7703  136.7714  136.7715  731.9227
  745.6994  348.7816  348.7816  354.4863  146.5845  146.5845
  252.0914  101.9103  949.7335
            0.000000  0.169706  0.000000
    1.6716    1.6716    8.3976  191.6215  122.4545  122.4545
   38.8469   38.8468  136.1595  110.8045  110.8045   93.5454
  180.1071  439.9541  153.3921  153.3921  192.9987  192.9985
   15.0644  240.2873   94.6795  137.4772  137.4773  675.2654
  696.1361  331.4314  331.4314  331.8120  153.9386  153.9386
  273.6432  117.0596  868.3872
            0.000000  0.183848  0.000000
    1.9681    1.9681    9.0342  193.7501  117.9997  117.9997
   39.5936   39.5935  143.8059  119.5725  119.5725   95.8898
  179.6979  464.9140  152.6216  152.6216   15.1277  203.3455
  203.3453  238.9740  101.4033  139.0828  139.0829  625.2108
  653.4601  315.8349  315.8349  309.6027  160.9489  160.9489
  294.6807  132.0896  791.9899
            0.000000  0.197990  0.000000
    2.2513    2.2513    9.5795  195.8555  114.2706  114.2706
   40.4051   40.4050  150.9108  129.1430  129.1430   98.1594
  178.6814  152.4610  152.4609  482.7505   15.0040  212.6331
  212.6329  107.9068  236.2792  140.9977  140.9978  582.1285
  617.8490  302.2592  302.2593  288.2886  167.2928  167.2928
  314.8233  146.6217  721.4599
            0.000000  0.212132  0.000000
    2.5089    2.5089   10.0283  197.8779  111.2923  111.2923
   41.1811   41.1811  157.7842  139.3100  139.3100  100.3891
  177.0876  152.8234  152.8234  492.6772   14.7006  220.7060
  220.7062  114.1542  232.3383  142.7900  142.7900  545.9309
  589.0981  290.9149  290.9150  268.2488  172.6266  172.6267
  333.7405  160.3064  657.3296
            0.000000  0.226274  0.000000
    2.7314    2.7314   10.3777  199.7686  109.0540  109.0540
   41.8258   41.8257  164.8025  149.8106  149.8106  102.6215
  175.0170  153.6060  153.6060  494.1640   14.2397  227.3793
  227.3794  120.1128  227.3488  144.1460  144.1461  516.1411
  566.6649  281.9576  281.9577  176.6193  176.6194  249.7906
  351.1745  172.8521  599.7758
            0.000000  0.240416  0.000000
    2.9126    2.9126   10.6277  201.4956  107.5162  107.5161
   42.2576   42.2576  172.3330  160.3457  160.3457  104.8986
  172.6351  154.6986  154.6986  487.0225   13.6590  232.5079
  232.5080  125.7550  221.5513  144.8556  144.8556  491.9830
  549.7306  275.4662  275.4663  179.0122  179.0123  233.1318
  366.9533  184.0483  548.6692
            0.000000  0.254558  0.000000
    3.0511    3.0511   10.7824  203.0466  106.6192  106.6191
   42.4183   42.4183  180.6482  170.6057  170.6057  107.2523
  170.1625  155.9950  155.9950  471.4859   13.0116  236.0326
  236.0327  131.0609  215.2094  144.8087  144.8087  472.4847
  537.2811  271.3765  271.3766  179.7201  179.7202  218.3889
  380.9897  193.7808  503.6394
            0.000000  0.268701  0.000000
    3.1498    3.1498   10.8496  204.4301  106.2929  106.2929
   42.2775   42.2774  189.8521  180.3010  180.3010  109.6959
  167.8620  157.4063  157.4063  448.2601   12.3639  238.0020
  238.0021  136.0191  208.5907  143.9963  143.9963  456.5840
  528.2012  269.3750  269.3749  178.9647  178.9648  205.5745
  393.2660  202.0343  464.1476
            0.000000  0.282843  0.000000
    3.2164    3.2164   10.8407  205.6725  106.4664  106.4663
   41.8336   41.8336  199.8410  189.1930  189.1930  112.2175
  166.0226  158.8745  158.8744  418.5196   11.7922  238.5745
  238.5746  140.6274  201.9520  142.5112  142.5111  443.2275
  521.3738  268.8298  268.8297  177.3598  177.3599  194.6043
  403.8117  208.8834  429.5620
            0.000000  0.296985  0.000000
    3.2618    3.2618   10.7700  206.8134  107.0754  107.0753
   41.1115   41.1115  210.3108  197.1221  197.1221  114.7771
  164.9399  160.3852  160.3852  383.8365   11.3766  238.0056
  238.0057  144.8928  195.5278  140.5437  140.5437  431.4542
  515.7722  268.9060  268.9059  175.7995  175.7996  185.3146
  412.6809  214.4711  399.2292
            0.000000  0.311127  0.000000
    3.2992    3.2992   10.6532  207.8988  108.0688  108.0687
   40.1557   40.1557  220.8102  204.0292  204.0292  117.3071
  164.8939  161.9772  161.9772   11.1939  346.0481  236.6249
  236.6250  148.8308  189.5240  138.3747  138.3746  420.4592
  510.5372  268.8821  268.8820  175.1312  175.1312  177.4860
  419.9349  218.9816  372.5362
            0.000000  0.325269  0.000000
    3.3422    3.3422   10.5065  208.9728  109.4112  109.4112
   39.0235   39.0235  230.8210  209.9691  209.9691  166.1250
  119.7174  163.7445  163.7445   11.3097  307.0857  234.8081
  234.8081  152.4644  184.1134  136.3612  136.3611  409.6359
  505.0328  268.4150  268.4149  175.8680  175.8680  170.8725
  425.6307  222.6115  348.9586
            0.000000  0.339411  0.000000
    3.4036    3.4036   10.3449  210.0694  111.0826  111.0826
   37.7761   37.7761  239.8450  215.1124  215.1124  168.8089
  121.9038  165.8328  165.8327   11.7707  268.7969  232.9485
  232.9485  155.8215  179.4336  134.9183  134.9183  398.5954
  267.5336  267.5336  498.8785  178.1617  178.1618  165.2294
  429.8155  225.5444  328.0910
            0.000000  0.353553  0.000000
    3.4935    3.4935   10.1814  211.2050  113.0752  113.0751
   36.4718   36.4718  247.4744  219.7367  219.7368  173.0325
  123.7583  168.4281  168.4281   12.5981  231.4317  231.4317
  232.7922  158.9333  175.5849  134.4963  134.4962  387.1645
  266.4633  266.4633  491.9570  181.9405  181.9406  160.3396
  432.5235  227.9334  309.6594
            0.000000  0.367696  0.000000
    3.6183    3.6183   10.0266  212.3724  115.3875  115.3874
   35.1611   35.1611  224.2077  224.2078  253.4380  178.7732
  125.1817  171.7415  171.7415   13.7844  230.6147  230.6147
  200.3347  161.8319  172.6310  135.5530  135.5531  375.3648
  265.4691  265.4691  187.0464  187.0250  484.3746  156.0340
  229.8937  433.7754  293.5150
            0.000000  0.381838  0.000000
    3.7799    3.7799    9.8885  213.5371  118.0181  118.0181
   33.8841   33.8840  228.9511  228.9512  257.6189  185.8837
  126.0942  175.9906  175.9906   15.2930  230.8109  230.8109
  172.2834  164.5483  170.6010  138.5240  138.5241  363.3749
  264.7770  264.7771  193.1709  193.1709  476.5270  152.2064
  231.5033  433.5795  279.6132
            0.000000  0.395980  0.000000
    3.9757    3.9757    9.7720  214.6375  120.9589  120.9589
   32.6706   32.6705  234.4199  234.4200  260.0483  194.0847
  126.4455  181.3812  181.3812   17.0613  232.2814  232.2813
  149.0869  167.1103  169.4947  143.7881  143.7883  351.4813
  264.5453  264.5454  200.0734  200.0735  468.8216  148.8221
  232.8114  431.9358  267.9794
            0.000000  0.410122  0.000000
    4.1988    4.1988    9.6799  215.5887  124.1894  124.1894
   31.5422   31.5421  241.0589  241.0588  260.8827  202.9684
  126.2212  188.0919  188.0919   19.0078  235.2317  235.2316
  130.8211  169.5405  169.2902  151.6308  151.6309  340.0225
  264.8543  264.8542  207.3659  207.3658  461.8157  145.9194
  233.8513  428.8440  258.6701
            0.000000  0.424264  0.000000
    4.4389    4.4389    9.6129  216.2905  127.6732  127.6731
   30.5157   30.5156  249.2713  249.2712  260.3691  212.0112
  125.4462  196.2613  196.2613   21.0410  239.8148  239.8147
  117.2561  171.8545  169.9524  162.2047  162.2049  329.3337
  265.7010  265.7009  214.6317  214.6317  456.0259  143.6060
  234.6543  424.3176  251.7310
            0.000000  0.438406  0.000000
    4.6834    4.6834    9.5699  216.6392  131.3564  131.3564
   29.6065   29.6064  259.3914  259.3913  258.8069  220.5989
  124.1837  205.9810  205.9810   23.0703  246.1376  246.1376
  174.0577  107.9421  171.4394  175.4928  175.4930  319.6997
  266.9966  266.9964  221.4324  221.4323  451.8711  142.0485
  235.2627  418.4007  247.1593
            0.000000  0.452548  0.000000
    4.9186    4.9186    9.5487  216.5415  135.1685  135.1686
   28.8328   28.8327  271.6655  271.6653  256.5089  228.0618
  122.5306  217.2899  217.2899   25.0156  254.2711  254.2712
  176.1412  102.2977  173.7060  191.2776  191.2778  311.3201
  268.5653  268.5651  227.3457  227.3456  449.6088  141.4575
  235.7401  411.1888  244.8737
            0.000000  0.466690  0.000000
    5.1312    5.1312    9.5465  215.9273  139.0241  139.0242
   28.2187   28.2186  286.2432  286.2431  253.7680  233.7192
  120.6102  230.1712  230.1712   26.8174  264.2602  264.2601
  178.0766   99.6926  176.7033  209.1276  209.1279  304.2906
  270.1490  270.1489  232.0065  232.0064  449.2933  142.0676
  236.1780  402.8471  244.6928
            0.000000  0.480833  0.000000
    5.3098    5.3098    9.5602  214.7614  142.8264  142.8264
   27.7960   27.7959  303.1809  303.1808  250.8329  236.9313
  118.5614  244.5486  244.5485   28.4426  276.1305  276.1304
  179.8079   99.5143  180.3739  228.4079  228.4082  298.6015
  271.4194  271.4193  235.1380  235.1380  144.1129  450.7624
  236.6989  393.6244  246.3266
            0.000000  0.494975  0.000000
    5.4455    5.4455    9.5866  213.0480  146.4708  146.4709
   27.6059   27.6058  322.4529  322.4527  247.8926  237.1569
  116.5269  260.2801  260.2801   29.8878  289.8885  289.8884
  181.2441  101.2148  184.6452  248.3195  248.3198  294.1506
  272.0005  272.0004  236.5695  236.5695  147.8012  453.6533
  237.4555  383.8560  249.3808
            0.000000  0.509117  0.000000
    5.5332    5.5332    9.6232  210.8300  149.8495  149.8495
   27.6985   27.6984  343.9677  343.9676  245.0728  234.0101
  114.6406  277.1515  277.1514   31.1792  305.5111  305.5110
  182.2505  104.3360  267.9670  267.9674  189.4227  290.7673
  271.5033  271.5032  236.2362  236.2362  153.2851  457.4453
  238.6286  373.9522  253.3772
            0.000000  0.523259  0.000000
    5.5713    5.5713    9.6677  208.1821  152.8554  152.8554
   28.1318   28.1317  367.5827  367.5826  242.4403  227.3103
  113.0160  294.8686  294.8685   32.3678  322.9240  322.9239
  182.6450  108.5143  286.4446  286.4449  194.5866  288.2410
  269.5723  269.5722  234.1689  234.1689  160.6340  461.5240
  240.4214  364.3662  257.7931
            0.000000  0.537401  0.000000
    5.5621    5.5621    9.7188  205.1997  155.3871  155.3872
   28.9692   28.9691  393.1098  393.1097  240.0144  217.1174
  111.7360  313.0541  313.0541   33.5229  341.9727  341.9726
  182.2019  302.9269  302.9272  113.4695  199.9931  265.9408
  265.9408  286.3500  230.4780  230.4780  169.8083  465.2565
  243.0536  355.5431  262.1181
            0.000000  0.551543  0.000000
    5.5112    5.5112    9.7756  201.9875  157.3546  157.3546
   30.2755   30.2754  420.3075  420.3074  237.7819  203.7430
  110.8464  331.2508  331.2507   34.7214  362.3949  362.3949
  316.7502  316.7505  180.6678  118.9843  205.4827  260.4900
  260.4900  284.8850  225.3389  225.3389  180.6349  468.0680
  246.7541  347.8563  265.9215
            0.000000  0.565685  0.000000
    5.4265    5.4265    9.8375  198.6497  158.6850  158.6851
   32.1119   32.1118  448.8585  448.8584  235.7123  110.3529
  187.7339  348.9346  348.9345   36.0367  383.8080  383.8080
  327.4680  327.4682  177.7944  124.8795  210.8942  253.2990
  253.2989  283.6642  218.9806  218.9806  192.7879  469.5079
  251.7539  341.5515  268.9120
            0.000000  0.579828  0.000000
    5.3174    5.3174    9.9042  195.2847  159.3307  159.3308
   34.5274   34.5273  478.3366  478.3365  233.7728  110.2230
  169.8249  365.5363  365.5362   37.5266  405.7249  405.7249
  334.8752  334.8754  130.9930  173.3860  216.0816  244.6745
  244.6745  282.5409  211.6780  211.6780  205.7726  469.2981
  258.2794  336.7169  270.9675
            0.000000  0.593970  0.000000
    5.1937    5.1937    9.9750  191.9826  159.2777  159.2778
   37.5470   37.5469  508.1754  508.1753  231.9385  110.3929
  150.8718  380.4649  380.4648   39.2217  427.6100  427.6100
  339.0003  339.0004  137.1642  220.9297  167.3575  235.1455
  235.1455  281.4046  203.7450  203.7450  218.9128  467.3583
  266.5492  333.2929  272.1258
            0.000000  0.608112  0.000000
    5.0650    5.0650   10.0488  188.8260  158.5553  158.5553
   41.1543   41.1543  537.6526  537.6525  230.2004  110.7770
  131.7740  393.1167  393.1166   41.1164  448.9792  448.9792
  340.0772  340.0772  143.2249  225.3633  225.4107  225.4107
  159.7928  280.1805  195.5268  195.5268  231.3403  463.8094
  276.7757  331.1129  272.5402
            0.000000  0.622254  0.000000
    4.9396    4.9396   10.1234  185.8923  157.2455  157.2455
   45.2689   45.2689  565.9034  565.9034  228.5681  111.2818
  113.4026  402.8447  402.8446   43.1630  469.5475  469.5475
  338.5149  338.5150  148.9979  216.2364  216.2364  229.3458
  150.9890  278.8302  187.3884  187.3884  241.9837  458.9568
  289.1790  329.9543  272.4212
            0.000000  0.636396  0.000000
    4.8244    4.8244   10.1961  183.2548  155.4905  155.4905
   49.7218   49.7217  591.9691  591.9691  227.0689  111.8184
   96.5453  408.8376  408.8377   45.2713  489.4433  489.4433
  334.8909  334.8909  208.3081  208.3081  154.3004  232.8649
  141.4705  277.3581  179.7009  179.7009  249.5554  304.0206
  453.2604  329.5782  271.9837
            0.000000  0.650538  0.000000
    4.7248    4.7248   10.2633  180.9827  153.4936  153.4936
   54.2388   54.2388  614.8734  614.8734  225.7441  112.3148
   81.8725  409.7940  409.7940   47.3136  509.5788  509.5788
  329.9867  329.9867  202.0479  202.0479  158.9502  235.9058
  275.8220  131.9620  172.8242  172.8242  252.5380  321.6654
  447.2951  329.7477  271.4132
            0.000000  0.664680  0.000000
    4.6444    4.6444   10.3211  179.1394  151.5096  151.5096
   58.4448   58.4448  633.7110  633.7110  224.6424  112.7224
   69.9239   49.1377  403.0338  403.0338  532.5190  532.5189
  324.8639  324.8640  197.4295  197.4295  162.7761  238.4174
  274.3490  123.3130  167.0882  167.0882  249.2217  342.6280
  441.7014  330.2291  270.8508
            0.000000  0.678823  0.000000
    4.5856    4.5856   10.3657  177.7795  149.8176  149.8176
   61.9017   61.9017  647.7247  647.7247  223.8127  113.0166
   61.1075   50.5859  381.7149  381.7148  565.1911  565.1910
  320.8584  320.8584  193.9229  193.9229  165.6281  240.2902
  273.1356  116.3803  162.7735  162.7735  238.2067  367.1873
  437.1214  330.7927  270.3926
            0.000000  0.692965  0.000000
    4.5499    4.5499   10.3939  176.9455  148.6769  148.6769
   64.1859   64.1859  656.3570  656.3570  223.2963  113.1913
   55.7068   51.5192  325.5340  325.5340  628.0753  628.0753
  319.0241  319.0241  191.0342  191.0342  167.3894  241.4017
  272.3832  111.8941  160.0947  160.0947  221.4151  392.5054
  434.1154  331.2305  270.0976
            0.000000  0.707107  0.000000
    4.5379    4.5379   10.4036  176.6645  148.2740  148.2740
   64.9856   64.9856  659.2716  659.2716  223.1209  113.2488
   53.8884   51.8418  241.2736  241.2736  714.5492  714.5492
  318.7852  318.7852  189.6636  189.6636  167.9850  241.7508
  272.1474  110.3418  159.1865  159.1865  211.5983  405.2334
  433.0678  331.3943  269.9961
            0.007071  0.707107  0.000000
    4.5432    4.5334   10.4022  176.6468  148.2865  148.2272
   64.8929   64.7241  659.1083  658.6835  223.0628  113.5256
   64.5834   52.5075  241.2344  240.6475  714.5739  703.6257
  318.6970  318.7180  189.3153  189.6779  168.0749  241.8369
  271.9778  110.6408  159.1255  159.7168  211.3797  404.9903
  432.2839  331.1658  269.7315
            0.014142  0.707107  0.000000
    4.5589    4.5199   10.3981  176.5926  148.3237  148.0861
   64.6172   63.9523  658.6206  656.9144  222.8868  114.3739
   91.0219   54.3143  241.1194  238.9590  714.6369  676.4844
  318.4615  318.5161  188.2852  189.7204  168.3314  242.0797
  271.4710  111.5252  158.9451  161.2982  210.7288  404.2604
  429.9441  330.4835  268.9421
            0.021213  0.707107  0.000000
    4.5849    4.4977   10.3911  176.4982  148.3851  147.8498
   64.1652   62.7082  657.8145  653.9502  222.5874  115.8485
  122.6141   56.8258  240.9371  236.6431  714.7050  643.6620
  318.1457  318.1785  186.6157  189.7898  168.7236  242.4447
  270.6332  112.9587  158.6525  163.9024  209.6598  403.0426
  426.0838  329.3559  267.6406
            0.028284  0.707107  0.000000
    4.6207    4.4672   10.3812  176.3580  148.4697  147.5164
   63.5480   61.0518  656.7001  649.7697  222.1562  118.0417
  152.0530   59.6132  240.7006  234.1266  714.7246  612.3758
  317.8124  317.7032  184.3727  189.8837  169.2187  242.9035
  269.4743  114.8851  158.2598  167.4833  208.1956  401.3350
  420.7611  327.7975  265.8483
            0.035355  0.707107  0.000000
    4.6660    4.4291   10.3684  176.1642  148.5758  147.0837
   62.7803   59.0620  655.2918  644.3475  221.5828  121.0835
  176.4363   62.4046  240.4271  231.6784  714.6229  585.4014
  317.4911  317.0881  181.6398  189.9993  169.7940  243.4517
  268.0075  117.2342  157.7843  171.9773  206.3676  399.1354
  414.0560  325.8276  263.5940
            0.042426  0.707107  0.000000
    4.7201    4.3841   10.3525  175.9070  148.7014  146.5490
   61.8795   56.8309  653.6076  637.6578  220.8551  125.1394
  195.2594   65.0909  240.1364  229.4041  714.3114  563.0814
  317.1723  316.3301  178.5107  190.1333  170.4393  244.1114
  266.2487  119.9275  157.2480  177.3057  204.2143  396.4410
  406.0688  323.4703  260.9138
            0.049497  0.707107  0.000000
    4.7822    4.3330   10.3335  175.5756  148.8436  145.9097
   60.8655   54.4583  651.6701  629.6783  219.9612  130.4027
  208.8659   67.6666  239.8497  227.3051  713.6887  544.8827
  316.8172  315.4260  175.0832  190.2821  171.1543  244.9238
  264.2157  122.8846  156.6779  183.3757  201.7804  393.2492
  396.9182  320.7536  257.8499
            0.056569  0.707107  0.000000
    4.8514    4.2770   10.3114  175.1577  148.9984  145.1633
   59.7592   52.0459  649.5052  620.3946  218.8897  137.0762
  217.7633   70.1717  239.5882  225.3370  712.6442  530.0977
  316.3717  314.3725  171.4535  190.4422  171.9439  261.9277
  245.9386  126.0274  156.1060  190.0831  199.1155  389.5579
  386.7391  317.7085  254.4500
            0.063640  0.707107  0.000000
    4.9269    4.2170   10.2862  174.6404  149.1611  144.3076
   58.5823   49.6916  647.1428  609.8038  217.6312  145.3403
  222.4167   72.6549  239.3716  223.4465  711.0628  518.0828
  315.7776  313.1663  167.7118  190.6105  172.8157  259.4045
  247.2057  129.2832  155.5690  197.3140  196.2725  385.3655
  375.6802  314.3686  250.7661
            0.070711  0.707107  0.000000
    5.0075    4.1541   10.2580  174.0106  149.3258  143.3413
   57.3560   47.4843  644.6158  597.9176  216.1788  155.3057
  223.2400   75.1561  239.2172  221.5887  708.8283  508.3133
  314.9798  311.8042  163.9400  190.7845  173.7777  256.6659
  248.7695  132.5866  155.1080  204.9478  193.3067  380.6715
  363.9007  310.7689  246.8534
            0.077782  0.707107  0.000000
    5.0920    4.0897   10.2269  173.2552  149.4850  142.2642
   56.1006   45.5001  641.9599  584.7643  214.5288  166.9580
  220.6576   77.7009  239.1385  219.7330  705.8285  500.3767
  313.9303  310.2841  160.2098  190.9622  174.8367  253.7316
  250.6651  135.8799  154.7682  212.8591  190.2739  375.4771
  351.5676  306.9450  242.7691
            0.084853  0.707107  0.000000
    5.1793    4.0249   10.1933  172.3617  149.6301  141.0771
   54.8349   43.7991  639.2130  570.3898  212.6810  180.1123
  215.1706   80.3003  239.1446  217.8630  701.9591  493.9511
  312.5894  308.6043  156.5826  191.1431  175.9981  250.6203
  252.9176  139.1126  154.5986  220.9213  187.2295  369.7855
  338.8521  302.9325  238.5713
            0.091924  0.707107  0.000000
    5.2680    3.9607   10.1573  171.3186  149.7509  139.7828
   53.5756   42.4242  636.4149  554.8579  210.6389  194.4036
  207.3876   82.9534  239.2397  215.9739  697.1271  488.7835
  310.9270  153.1094  306.7649  191.3275  177.2651  247.3503
  255.5404  142.2404  154.6514  229.0081  184.2271  363.6019
  325.9264  298.7663  234.3179
            0.098995  0.707107  0.000000
    5.3569    3.8985   10.1194  170.1157  149.8358  138.3854
   52.3372   41.4008  633.6059  538.2489  208.4097  209.3278
  198.0007   85.6502  239.4224  214.0696  691.2546  484.6716
  308.9217  149.8315  304.7671  191.5172  178.6385  243.9388
  258.5364  145.2236  154.9812  236.9971  181.3171  356.9345
  312.9598  294.4795  230.0655
            0.106066  0.707107  0.000000
    5.4447    3.8390   10.0799  168.7447  149.8716  136.8911
   51.1313   40.7370  630.8270  520.6588  206.0042  224.3276
  187.7133   88.3743  239.6859  212.1596  684.2814  481.4504
  306.5607  146.7815  302.6144  191.7150  180.1161  240.4025
  261.8975  148.0261  155.6446  244.7718  178.5460  349.7946
  300.1156  290.1034  225.8681
            0.113137  0.707107  0.000000
    5.5301    3.7832   10.0391  167.1993  149.8439  135.3082
   49.9672   40.4259  628.1188  502.1961  203.4364  238.8886
  177.1533   91.1052  240.0176  210.2570  676.1666  478.9817
  303.8387  143.9840  300.3123  191.9252  181.6930  236.7577
  265.6058  150.6134  156.6995  252.2239  175.9557  342.1967
  287.5477  285.6669  221.7765
            0.120208  0.707107  0.000000
    5.6118    3.7320    9.9976  165.4757  149.7368  133.6470
   48.8509   40.4476  625.5210  482.9803  200.7229  252.6093
  166.8109   93.8198  240.4000  208.3762  666.8907  477.1472
  300.7575  141.4567  297.8686  192.1529  183.3608  233.0207
  269.6342  152.9522  158.2043  259.2560  173.5823  334.1588
  275.3979  281.1962  217.8375
            0.127279  0.707107  0.000000
    5.6887    3.6858    9.9555  163.5729  149.5335  131.9196
   47.7857   40.7716  623.0721  463.1389  197.8825  265.2281
  157.0159   96.4937  240.8102  206.5314  656.4553  475.8425
  297.3250  139.2113  295.2934  192.4043  185.1078  229.2080
  273.9471  155.0088  160.2165  265.7827  171.4557  325.7027
  263.7925  276.7146  214.0929
            0.134350  0.707107  0.000000
    5.7597    3.6451    9.9131  161.4926  149.2164  130.1402
   46.7724   41.3601  620.8092  442.8052  194.9359  276.6123
  147.9535   99.1024  241.2216  204.7357  644.8836  474.9742
  293.5547  137.2546  292.5993  192.6864  186.9189  225.3369
  278.5018  156.7493  162.7920  271.7322  169.5999  316.8540
  252.8410  272.2424  210.5791
            0.141421  0.707107  0.000000
    5.8238    3.6101    9.8706  159.2398  148.7674  128.3246
   45.8089   42.1703  618.7673  422.1156  191.9046  286.7264
  139.6979  101.6214  241.6035  203.0004  474.4569  632.2199
  289.4647  135.5891  289.8010  193.0064  188.7758  221.4257
  283.2492  158.1397  165.9835  277.0480  168.0317  307.6419
  242.6340  267.7974  207.3268
            0.148492  0.707107  0.000000
    5.8801    3.5810    9.8280  156.8223  148.1685  126.4899
   44.8908   43.1572  616.9798  401.2079  188.8107  295.5975
  132.2500  104.0272  241.9227  201.3341  474.2123  618.5276
  285.0775  134.2140  286.9150  193.3717  190.6568  217.4942
  288.1351  159.1472  169.8377  281.6882  166.7618  298.0992
  233.2424  263.3945  204.3603
            0.155563  0.707107  0.000000
    5.9281    3.5577    9.7852  154.2513  147.4018  124.6545
   44.0116   44.2758  615.4781  380.2193  185.6763  303.2855
  106.2971  125.5677  242.1441  199.7423  474.1678  603.8878
  280.4187  133.1257  283.9594  193.7896  192.5372  213.5637
  293.1014  159.7420  174.3930  285.6269  165.7943  288.2624
  224.7170  259.0466  201.6980
            0.162635  0.707107  0.000000
    5.9673    3.5398    9.7418  151.5406  146.4505  122.8373
   43.1630   45.4828  614.2921  359.2846  182.5228  309.8625
  108.4098  119.5885  242.2316  198.2276  474.2566  588.3975
  275.5172  132.3188  280.9535  194.2666  194.3902  209.6577
  298.0880  159.9014  179.6750  288.8526  165.1272  278.1709
  217.0887  254.7645  199.3518
            0.169706  0.707107  0.000000
    5.9975    3.5271    9.6976  148.7066  145.2992  121.0576
   42.3354   46.7379  613.4504  338.5350  179.3708  315.4002
  110.3453  114.2430  242.1495  196.7895  474.4179  572.1661
  270.4040  131.7865  277.9170  194.8084  196.1867  205.8013
  303.0333  159.6139  185.6917  291.3683  164.7530  267.8673
  210.3695  250.5575  197.3275
            0.176777  0.707107  0.000000
    6.0186    3.5189    9.6520  145.7683  143.9345  119.3344
   41.5182   48.0054  612.9804  318.0966  176.2395  319.9625
  112.0851  109.4630  241.8629  195.4243  474.5965  555.3133
  265.1123  131.5213  274.8698  195.4195  197.8968  202.0216
  307.8769  158.8857  192.4276  293.1894  164.6591  257.3963
  204.5539  246.4336  195.6251
            0.183848  0.707107  0.000000
    6.0309    3.5148    9.6043  142.7463  142.3454  117.6860
   49.2542   40.7005  612.9091  298.0895  173.1465  323.6024
  113.6122  105.1849  241.3394  194.1253  474.7440  537.9655
  259.6768  131.5154  271.8314  196.1024  199.4901  198.3478
  312.5602  157.7463  199.8372  294.3430  164.8284  246.8052
  199.6206  242.4005  194.2391
            0.190919  0.707107  0.000000
    6.0349    3.5141    9.5537  139.6630  140.5239  116.1296
   50.4588   39.8714  613.2635  278.6264  170.1077  326.3611
  114.9116  101.3518  240.5497  192.8836  474.8186  520.2527
  254.1332  131.7613  268.8205  196.8579  194.8103  200.9370
  156.2542  317.0283  207.8409  294.8657  165.2404  236.1428
  195.5348  238.4651  193.1588
            0.197990  0.707107  0.000000
    6.0312    3.5160    9.4995  136.5416  138.4657  114.6805
   51.5988   39.0205  614.0711  259.8119  167.1373  328.2686
  115.9699   97.9134  239.4684  191.6878  474.7858  502.3051
  248.5187  132.2524  265.8546  197.6843  191.4411  202.2094
  154.4984  321.2320  216.3226  294.8019  165.8713  225.4590
  192.2503  234.6348  192.3690
            0.205061  0.707107  0.000000
    6.0209    3.5198    9.4407  133.4057  136.1703  113.3523
   52.6593   38.1387  615.3603  241.7415  164.2475  329.3439
  116.7760   94.8255  238.0752  190.5251  474.6184  484.2498
  242.8711  132.9827  262.9500  198.5771  188.2731  203.2817
  152.5972  325.1280  225.1331  294.2021  166.6954  214.8047
  189.7118  230.9169  191.8507
            0.212132  0.707107  0.000000
    6.0051    3.5250    9.3766  130.2790  133.6415  112.1557
   53.6307   37.2185  617.1614  224.5008  161.4490  329.5969
  117.3208   92.0495  236.3555  189.3815  474.2969  466.2077
  237.2294  133.9481  260.1214  199.5287  185.3397  204.1321
  150.6884  328.6808  234.0996  293.1213  167.6854  204.2311
  187.8577  227.3194  191.5814
            0.219203  0.707107  0.000000
    5.9852    3.5307    9.3062  127.1849  130.8873  111.0989
   54.5081   36.2543  619.5066  208.1647  158.7507  329.0286
  117.5977   89.5517  234.3008  188.2426  473.8089  448.2903
  231.6339  135.1456  257.3816  200.5283  182.6744  204.7424
  148.9161  331.8632  243.0402  291.6172  168.8131  193.7896
  186.6217  223.8509  191.5361
            0.226274  0.707107  0.000000
    5.9627    3.5364    9.2287  124.1456  127.9208  110.1869
   55.2910   35.2428  622.4305  192.7971  156.1603  327.6328
  117.6026   87.3026  231.9098  187.0945  473.1497  430.5969
  226.1271  136.5744  254.7421  201.5615  180.3102  205.0996
  147.4141  334.6566  251.7813  289.7493  170.0503  183.5308
  185.9351  220.5202  191.6880
            0.233345  0.707107  0.000000
    5.9392    3.5416    9.1436  121.1822  124.7591  109.4215
   55.9832   34.1834  625.9708  178.4499  153.6840  325.3968
  117.3344   85.2761  229.1882  185.9241  472.3213  413.2113
  220.7547  138.2353  252.2128  202.6100  178.2789  205.1953
  146.2912  337.0515  260.1741  287.5775  171.3690  173.5047
  185.7283  217.3368  192.0090
            0.240416  0.707107  0.000000
    5.9165    3.5459    9.0503  118.3143  121.4239  108.8015
   56.5922   33.0781  630.1674  165.1636  151.3272  322.3024
  116.7952   83.4496  226.1496  184.7202  471.3321  396.1981
  215.5683  140.1312  249.8020  203.6514  176.6106  205.0265
  145.6206  339.0468  268.1054  285.1611  172.7423  163.7604
  185.9323  214.3102  192.4703
            0.247487  0.707107  0.000000
    5.8964    3.5489    8.9484  115.5598  117.9409  108.3225
   57.1288   31.9319  635.0629  152.9662  149.0943  318.3272
  115.9902   81.8033  222.8155  183.4743  470.1964  379.5962
  210.6314  142.2668  247.5167  204.6601  175.3326  204.5949
  145.4373  340.6491  275.5014  282.5584  174.1446  154.3451
  186.4801  211.4495  193.0436
            0.254558  0.707107  0.000000
    5.8805    3.5505    8.8377  112.9343  114.3392  107.9770
   57.6067   30.7526  640.7009  141.8741  146.9891  313.4462
  114.9284   80.3199  219.2156  182.1807  468.9336  363.4060
  206.0313  144.6487  245.3629  205.6067  174.4686  203.9070
  145.7412  341.8723  282.3263  279.8261  175.5520  145.3049
  187.3070  208.7633  193.7009
            0.261630  0.707107  0.000000
    5.8707    3.5505    8.7184  110.4519  107.7548  110.6509
   58.0422   29.5503  647.1240  131.8920  145.0148  307.6343
  113.6228   78.9845  215.3879  180.8379  467.5674  347.5552
  201.9143  147.2852  206.4599  243.3453  174.0364  202.9730
  146.5047  342.7359  288.5745  277.0188  176.9427  136.6835
  188.3518  206.2592  194.4157
            0.268701  0.707107  0.000000
    5.8685    3.5489    8.5905  108.1244  107.6435  106.9100
   58.4539   28.3379  654.3705  123.0133  143.1745  300.8702
  112.0903   77.7841  211.3790  179.4486  466.1252  331.7891
  198.5950  150.1860  207.1877  241.4679  174.0464  201.8068
  147.6817  343.2643  294.2635  274.1887  178.2974  128.5226
  189.5568  203.9427  195.1632
            0.275772  0.707107  0.000000
    5.8754    3.5459    8.4547  105.9617  107.6286  103.1523
   58.8622   27.1301  662.4685  115.2208  141.4707  293.1425
  110.3524   76.7081  207.2436  178.0200  464.6367  315.1838
  197.0439  153.3623  207.7600  239.7336  174.4978  200.4246
  149.2161  343.4845  299.4248  271.3856  179.5997  120.8618
  190.8683  201.8176  195.9205
            0.282843  0.707107  0.000000
    5.8926    3.5415    8.3115  103.9719  107.6941   99.4135
   59.2889   25.9433  671.4267  108.4876  139.9059  284.4583
  108.4348   75.7472  203.0452  176.5643  463.1337  292.2512
  202.7838  156.8266  208.1529  238.1452  175.3749  198.8446
  151.0491  343.4254  304.0980  268.6562  180.8358  113.7379
  192.2366  199.8848  196.6673
            0.289914  0.707107  0.000000
    5.9213    3.5362    8.1619  102.1611  107.8231   95.7291
   59.7572   24.7952  681.2217  102.7778  274.8564  138.4823
  106.3682   74.8940  198.8552  175.0987  461.6487  199.1928
  279.6364  160.5922  208.3528  236.7044  176.6423  197.0859
  153.1237  343.1163  308.3259  266.0447  181.9957  107.1852
  193.6160  198.1424  197.3857
            0.296985  0.707107  0.000000
    5.9622    3.5301    8.0068  100.5344  107.9981   92.1332
   60.2907   23.7039  691.7790   98.0473  264.4263  137.2022
  104.1876   74.1423  194.7526  460.2142  173.6446  173.3118
  290.3112  164.6731  208.3611  235.4128  178.2405  195.1679
  155.3877  342.5850  312.1515  263.5917  183.0725  101.2351
  194.9650  196.5851  198.0604
            0.304056  0.707107  0.000000
    6.0159    7.8477    3.5235   99.0950  108.2017   88.6577
   60.9133   22.6879  702.9483  253.3321   94.2452  136.0673
  101.9329   73.4874  190.8229  458.8618  172.2281  172.1564
  277.2630  169.0844  208.1976  234.2714  180.0837  193.1097
  157.7953  341.8577  315.6163  261.3346  184.0632   95.9162
  195.2043  196.2460  198.6789
            0.311127  0.707107  0.000000
    6.0828    7.6857    3.5170   97.8455  108.4173   85.3314
   61.6488   21.7649  714.4749  241.8416   91.3146  135.0797
   99.6487   72.9255  457.6216  187.1565  170.8787  170.7635
  265.4496  173.8415  207.9000  233.2812  182.0611  190.9294
  160.3078  340.9570  318.7592  259.3071  184.9684   91.2538
  193.9881  197.4258  199.2308
            0.318198  0.707107  0.000000
    6.1628    7.5224    3.5107   96.7872  108.6292   82.1794
   62.5202   20.9517  725.9703  230.3552  134.2410   89.1935
   97.3841   72.4537  456.5212  183.8458  169.6288  169.3477
  254.6426  178.9606  207.5205  232.4426  184.0436  188.6440
  162.8928  339.9019  321.6161  257.5392  185.7930   87.2705
  192.9212  198.4748  199.7084
            0.325269  0.707107  0.000000
    6.2558    7.3595    3.5050   95.9210  108.8234   79.2226
   63.5492   20.2637  736.8958  219.4220  133.5527   87.8165
   95.1925   72.0700  455.5852  180.9822  168.5126  168.1097
  244.6206  184.4587  207.1169  231.7562  185.8953  186.2691
  165.5237  338.7067  324.2199  256.0566  186.5452   83.9850
  191.9855  199.3681  200.1056
            0.332340  0.707107  0.000000
    6.3612    7.1984    3.5003   95.2473  108.9876   76.4775
   64.7558   19.7140  746.5737  209.7285  133.0160   87.1148
   93.1311   71.7729  454.8345  178.6511  167.5652  167.1388
  235.2670  190.3537  206.7444  231.2220  187.4865  183.8185
  168.1793  337.3810  326.6001  254.8807  187.2371   81.4133
  191.1604  200.0849  200.4181
            0.339411  0.707107  0.000000
    6.4782    7.0410    3.4967   94.7662  109.1122   73.9555
   66.1576   19.3134  754.2487  202.0372  132.6318   87.0183
   91.2611   71.5612  454.2859  176.9268  166.8211  166.4716
  226.5120  196.6644  206.4477  230.8404  188.7067  181.3049
  170.8420  335.9294  328.7827  254.0286  187.8841   79.5675
  190.4235  200.6087  200.6431
            0.346482  0.707107  0.000000
    6.6059    6.8887    3.4945   94.4775  109.1898   71.6630
   67.7692   19.0698  759.2052  197.0687  132.4011   87.4556
   89.6469   71.4345  453.9518  175.8675  166.3131  166.1177
  218.3075  203.4114  206.2580  230.6114  189.4728  178.7398
  173.4976  334.3515  330.7905  253.5123   78.4565  188.5047
  189.7512  200.9277  200.7788
            0.353553  0.707107  0.000000
    6.7432    6.7432    3.4938   94.3813  109.2162   69.6019
   69.6019   18.9881  760.9215  195.3482  132.3241   88.3553
   88.3553   71.3923  453.8396  175.5101  166.0705  166.0705
  210.6173  210.6173  206.1929  189.7339  230.5351  176.1339
  176.1339  332.6420  332.6418  253.3394   78.0855  189.1195
  189.1195  201.0349  200.8241
            0.357089  0.703571  0.000000
    6.6599    6.8144    3.5061   94.3948  109.2257   70.6056
   68.6612   19.0183  760.1788  195.8059  132.3838   87.9590
   88.9806   71.4405  453.7055  175.6207  166.1621  166.1096
  214.5527  206.9390  206.2152  230.6046  189.6651  177.4092
  174.8082  333.4404  331.5067  253.5349   82.9022  188.8589
  184.7257  200.9818  200.7738
            0.360624  0.700036  0.000000
    6.5565    6.8863    3.5381   94.4354  109.2546   71.6709
   67.7837   19.1066  757.9165  197.2191  132.5795   87.8793
   89.7207   71.5857  453.3315  175.9282  166.3370  166.2999
  218.9184  203.3799  206.2982  230.8144  189.4244  178.6118
  173.4649  334.0529  329.8671  254.1262   88.6091  188.6865
  179.6640  200.8284  200.6243
            0.364160  0.696500  0.000000
    6.4395    6.9586    3.5839   94.5030  109.3033   72.7975
   66.9671   19.2490  754.0991  199.6338  132.9220   88.1167
   90.5467   71.8284  452.7548  176.3891  166.6029  166.6047
  223.7179  199.9872  206.4536  231.1656  188.9741  179.7409
  172.1199  334.4740  327.7165  255.1091   92.6640  188.5903
  176.4700  200.5807  200.3788
            0.367696  0.692965  0.000000
    6.3139    7.0312    3.6387   94.5974  109.3730   73.9842
   66.2088   19.4413  748.7163  203.0736  133.4091   88.6684
   91.4420   72.1689  452.0078  176.9540  166.9722  166.9927
  228.9535  196.8052  206.6762  231.6580  188.2962  180.7952
  170.7887  334.7000  325.0658  256.4619   95.6141  188.5612
  174.5890  200.2422  200.0411
            0.371231  0.689429  0.000000
    6.1834    7.1037    3.6992   94.7182  109.4652   75.2288
   65.5060   19.6792  741.7873  207.5349  134.0315   89.5293
   92.3969   72.6076  451.1192  177.5743  167.4564  167.4374
  234.6256  193.8731  206.9470  232.2903  187.3913  181.7732
  169.4857  334.7290  321.9439  258.1455   97.9468  188.5923
  173.5250  199.8143  199.6157
            0.374767  0.685894  0.000000
    6.0509    7.1760    3.7628   94.8649  109.5820   76.5283
   64.8559   19.9583  733.3632  212.9835  134.7766   90.6923
   93.4047   73.1445  450.1155  178.2094  168.0591  167.9154
  240.7330  191.2241  207.2393  233.0596  186.2727  182.6734
  168.2244  334.5607  318.3962  260.1051   99.9494  188.6785
  172.9817  199.2977  199.1078
            0.378302  0.682358  0.000000
    5.9184    7.2479    3.8278   95.0367  109.7262   77.8785
   64.2554   20.2741  723.5291  219.3517  135.6300   92.1489
   94.4606   73.7797  449.0213  178.8312  168.7720  168.4064
  247.2728  188.8831  207.5248  233.9620  184.9614  183.4939
  167.0170  334.1963  314.4812  262.2740  188.8159  101.7880
  172.7834  198.6921  198.5230
            0.381838  0.678823  0.000000
    5.7875    7.3190    3.8929   95.2328  109.9010   79.2739
   63.7013   20.6221  712.4027  226.5387  136.5771   93.8909
   95.5599   74.5133  179.4240  447.8596  169.5765  168.8928
  254.2394  186.8675  207.7789  234.9918  183.4812  184.2331
  165.8746  333.6382  310.2652  264.5789  189.0016  103.5616
  172.8208  197.9969  197.8672
            0.385373  0.675287  0.000000
    5.6593    7.3891    3.9571   95.4519  110.1108   80.7077
   63.1903   20.9979  700.1311  234.4121  137.6036   95.9113
   96.6979   75.3453  179.9803  446.6524  170.4476  169.3604
  261.6245  185.1865  207.9822  236.1424  181.8556  184.8898
  164.8067  332.8906  305.8178  266.9448  189.2334  105.3306
  173.0230  197.2118  197.1470
            0.388909  0.671751  0.000000
    5.5349    7.4581    4.0199   95.6929  110.3605   82.1717
   62.7189   21.3972  686.8854  242.8102  138.6959   98.2077
   97.8699   76.2758  180.4964  445.4203  171.3589  169.7993
  269.4154  183.8416  208.1222  237.4056  180.1068  185.4628
  163.8212  331.9583  301.2062  269.3005  189.5094  107.1325
  173.3412  196.3366  196.3687
            0.392444  0.668216  0.000000
    5.4147    7.5256    4.0806   95.9542  110.6561   83.6564
   62.2837   21.8160  672.8535  251.5437  139.8410  100.7879
   99.0707   77.3052  180.9691  444.1830  172.2863  170.2053
  277.5940  182.8283  208.1921  238.7719  178.2545  185.9517
  162.9247  330.8474  296.4924  271.5819  189.8283  108.9906
  195.3714  173.7409  195.5392
            0.395980  0.664680  0.000000
    5.2994    7.5915    4.1391   96.2344  111.0048   85.1505
   61.8810   22.2504  658.2315  260.3898  141.0271  103.6841
  100.2950   78.4337  181.3951  442.9587  173.2088  170.5825
  286.1337  182.1361  208.1904  240.2307  176.3164  186.3564
  162.1218  329.5648  291.7301  273.7351  190.1890  110.9187
  194.3168  174.1969  194.6651
            0.399515  0.661145  0.000000
    5.1893    7.6555    4.1950   96.5319  111.4148   86.6409
   61.5071   22.6967  643.2160  269.0578  142.2430  106.9954
  101.5372   79.6621  181.7699  441.7642  174.1096  170.9468
  294.9961  181.7503  208.1194  241.7703  174.3078  186.6777
  161.4159  328.1181  286.9637  275.7174  190.5905  112.9244
  193.1742  174.6900  193.7532
            0.403051  0.657609  0.000000
    5.0847    7.7175    4.2482   96.8449  111.8957   88.1130
   61.1581   23.1518  627.9957  277.0277  143.4785  111.0570
  102.7916   80.9910  182.0889  440.6150  174.9754  171.3317
  304.1256  181.6527  207.9843  243.3777  172.2421  186.9171
  160.8088  326.5157  282.2284  277.4969  191.0318  115.0106
  191.9455  175.2053  192.8100
            0.406586  0.654074  0.000000
    4.9857    7.7772    4.2987   97.1717  112.4583   89.5506
   60.8303   23.6126  612.7455  282.4663  144.7245  117.5306
  104.0526   82.4216  182.3473  439.5251  175.7962  171.7946
  181.8223  313.4426  207.7921  245.0393  170.1309  187.0767
  160.3007  324.7663  277.5509  279.0524  191.5121  117.1771
  190.6331  175.7314  191.8421
            0.410122  0.650538  0.000000
    4.8924    7.8345    4.3463   97.5106  113.1141   90.9360
   60.5200   24.0761  597.6216  145.9727  260.5295  151.1072
  105.3144   83.9551  182.5408  438.5065  176.5646  172.4268
  182.2366  322.8335  207.5508  246.7406  167.9844  187.1596
  159.8906  322.8791  272.9507  280.3718  192.0304  119.4214
  189.2404  176.2589  190.8558
            0.413657  0.647003  0.000000
    4.8050    7.8892    4.3910   97.8598  113.8750   92.2510
   60.2237   24.5395  582.7583  147.2157  121.8586  301.0128
  106.5717   85.5931  182.6655  437.5700  177.2756  173.3644
  182.8720  332.1401  248.4666  207.2687  165.8115  187.1693
  159.5764  320.8637  268.4409  281.4504  192.5858  121.7393
  187.7712  176.7805  189.8569
            0.417193  0.643467  0.000000
    4.7233    7.9413    4.4329   98.2177  114.7523   93.4779
   59.9384   25.0000  568.2675  148.4468  120.4050  313.1862
  107.8189   87.3376  182.7186  436.7243  177.9264  174.8008
  183.7043  341.1467  250.2017  206.9544  163.6201  187.1104
  159.3546  318.7299  264.0303  282.2903  193.1771  124.1249
  186.2300  177.2903  188.8514
            0.420729  0.639932  0.000000
    4.6473    7.9905    4.4719   98.5828  115.7542   94.6013
   59.6616   25.4543  554.2381  123.9494  149.6604  319.7587
  109.0510   89.1908  182.6981  435.9767  178.5156  176.9967
  184.7093  349.5703  251.9301  206.6156  161.4169  186.9878
  159.2212  259.7241  316.4879  282.8982  193.8030  126.5717
  184.6220  177.7835  187.8445
            0.424264  0.636396  0.000000
    4.5770    8.0369    4.5081   98.9533  116.8841   95.6110
   59.3916   25.8991  540.7379  127.8309  150.8514  325.3243
  110.2630   91.1552  182.6027  435.3327  179.0434  180.2816
  185.8631  357.0583  253.6363  206.2598  159.2081  186.8071
  159.1714  255.5252  314.1479  283.2848  194.4619  129.0722
  182.9527  178.2562  186.8414
            0.427800  0.632861  0.000000
    4.5122    8.0802    4.5416   99.3281  118.1368   96.5048
   59.1275   26.3304  527.8152  131.7940  152.0156  330.0906
  111.4503   93.2338  182.4324  434.7962  179.5114  185.0389
  187.1426  363.2044  255.3044  205.8935  156.9991  186.5743
  159.1995  251.4346  311.7204  283.4633  195.1522  131.6183
  181.2284  178.7055  185.8469
            0.431335  0.629325  0.000000
    4.4526    8.1206    4.5724   99.7057  119.4969   97.2910
   58.8689   26.7442  515.5017  135.8077  153.1495  334.0572
  112.6087   95.4299  182.1877  434.3696  179.9218  188.5254
  191.6637  367.5898  256.9194  205.5225  154.7949  186.2957
  159.2998  247.4527  309.2160  283.4492  195.8719  134.2015
  179.4556  179.1290  184.8653
            0.434871  0.625790  0.000000
    4.3983    8.1580    4.6006  100.0850  120.9380   97.9886
   58.6161   27.1363  503.8145  139.8640  154.2502  337.2149
  113.7342   97.7469  181.8703  434.0540  180.2778  189.9902
  200.4910  369.8548  258.4666  205.1519  152.5998  185.9777
  159.4663  243.5793  306.6457  283.2594  196.6186  136.8130
  177.6413  179.5249  183.9007
            0.438406  0.622254  0.000000
    4.3488    8.1923    4.6263  100.4649  122.4260   98.6245
   58.3696   27.5028  492.7592  143.9563  155.3153  339.5648
  114.8232  100.1888  181.4825  433.8487  180.5831  191.5173
  211.7090  369.7860  259.9321  204.7858  150.4179  185.6269
  159.6929  239.8142  304.0203  282.9113  197.3898  139.4435
  175.7929  179.8920  182.9566
            0.441942  0.618718  0.000000
    4.3039    8.2236    4.6496  100.8443  123.9248   99.2275
   58.1301   27.8401  482.3321  148.0768  156.3429  341.1187
  115.8725  102.7598  181.0275  433.7520  180.8417  193.0879
  225.2886  367.3862  261.3030  204.4277  148.2529  185.2500
  159.9734  236.1574  301.3510  282.4230  198.1827  142.0838
  173.9180  180.2295  182.0364
            0.445477  0.615183  0.000000
    4.2635    8.2520    4.6706  101.2224  125.4031   99.8222
   57.8978   28.1456  472.5224  152.2158  157.3318  341.8973
  116.8794  105.4642  180.5092  181.0580  433.7609  194.6851
  240.9680  362.8897  262.5678  204.0804  146.1083  184.8532
  160.3022  232.6091  298.6493  281.8125  198.9941  144.7244
  172.0245  180.5371  181.1430
            0.449013  0.611647  0.000000
    4.2273    8.2775    4.6894  101.5982  126.8377  100.4248
   57.6727   28.4175  463.3139  156.3623  158.2809  341.9279
  117.8414  108.3067  179.9322  181.2363  433.8712  196.2930
  258.3046  356.7107  263.7162  203.7461  143.9869  184.4427
  160.6739  229.1701  295.9264  281.0980  199.8205  147.3557
  170.1203  180.8148  180.2789
            0.452548  0.608112  0.000000
    4.1949    8.3002    4.7062  101.9710  128.2144  101.0430
   57.4544   28.6550  454.6869  160.5045  159.1897  341.2434
  118.7566  111.2920  179.3016  181.3810  434.0776  197.8976
  276.7726  349.3450  264.7393  203.4264  141.8918  184.0244
  161.0835  225.8418  293.1943  280.2969  200.6581  149.9683
  168.2136  181.0630  179.4463
            0.456084  0.604576  0.000000
    4.1662    4.7210    8.3202  102.3398  129.5256  101.6781
   57.2420   28.8584  446.6193  164.6292  160.0577  339.8801
  119.6233  114.4248  178.6232  181.4964  434.3739  199.4861
  295.8604  341.2728  265.6303  203.1224  139.8252  183.6037
  161.5269  222.6260  290.4647  279.4264  201.5029  152.5523
  166.3126  181.2822  178.6472
            0.459619  0.601041  0.000000
    4.1408    4.7339    8.3376  102.7038  130.7680  102.3273
   57.0344   29.0287  439.0878  168.7223  160.8848  337.8773
  120.4403  117.7098  177.9032  181.5865  434.7529  201.0472
  315.1361  332.8935  266.3841  202.8348  183.1854  137.7894
  162.0005  219.5249  287.7496  278.5030  202.3505  155.0984
  164.4256  181.4734  177.8831
            0.463155  0.597505  0.000000
    4.1184    4.7452    8.3527  103.0622  131.9401  102.9866
   56.8303   29.1678  432.0687  172.7691  161.6711  335.2759
  121.2068  121.1518  177.1485  181.6552  435.2066  202.5709
  334.2702  324.5024  266.9974  202.5640  182.7742  135.7861
  162.5015  216.5413  285.0613  277.5423  203.1964  157.5968
  162.5608  181.6378  177.1552
            0.466690  0.593970  0.000000
    4.0988    4.7549    8.3654  103.4140  133.0410  103.6514
   56.6284   29.2780  425.5386  176.7540  162.4168  332.1182
  121.9225  124.7551  176.3660  181.7061  435.7261  204.0484
  353.0292  316.2974  267.4695  202.3102  182.3738  133.8168
  163.0279  213.6784  282.4119  276.5593  204.0358  160.0381
  160.7265  181.7767  176.4646
            0.470226  0.590434  0.000000
    4.0818    4.7631    8.3761  103.7581  134.0699  104.3177
   56.4277   29.3622  419.4750  180.6607  163.1221  328.4474
  122.5873  128.5235  175.5633  181.7424  436.3023  205.4723
  371.2541  308.4004  267.8017  202.0733  181.9877  131.8827
  163.5788  210.9396  279.8139  275.5679  204.8638  162.4130
  158.9309  181.8919  175.8121
            0.473762  0.586899  0.000000
    4.0671    4.7700    8.3848  104.0935  135.0261  104.9815
   56.2275   29.4233  413.8564  184.4723  163.7871  324.3067
  123.2015  132.4605  174.7481  181.7672  436.9250  206.8359
  388.8368  300.8811  267.9975  201.8529  181.6188  129.9844
  164.1538  208.3289  277.2796  274.5812  205.6754  164.7121
  157.1819  181.9850  175.1982
            0.477297  0.583363  0.000000
    4.0544    4.7757    8.3918  104.4189  135.9091  105.6391
   56.0276   29.4642  408.6629  188.1717  164.4123  319.7397
  123.7657  136.5685  173.9283  181.7831  437.5839  208.1339
  405.7000  293.7772  268.0630  201.6488  181.2693  128.1225
  164.7535  205.8501  274.8214  273.6109  206.4656  166.9263
  155.4877  182.0579  174.6232
            0.480833  0.579828  0.000000
    4.0436    4.7804    8.3972  104.7331  136.7186  106.2868
   55.8280   29.4881  403.8762  191.7413  164.9978  314.7900
  124.2811  140.8492  173.1119  181.7922  438.2683  209.3616
  421.7830  287.1082  268.0067  201.4604  180.9411  126.2973
  165.3791  203.5074  272.4516  272.6680  207.2294  169.0467
  153.8562  182.1127  174.0873
            0.484368  0.576292  0.000000
    4.0344    4.7841    8.4012  105.0347  137.4551  106.9207
   55.6295   29.4979  399.4795  195.1632  165.5438  309.5011
  124.7488  145.3027  172.3071  181.7966  438.9672  210.5150
  437.0332  280.8849  267.8394  201.2873  180.6356  124.5093
  166.0318  201.3049  270.1822  271.7620  207.9620  171.0645
  152.2950  182.1514  173.5905
            0.487904  0.572756  0.000000
    4.0266    4.7869    8.4041  105.3222  138.1195  107.5365
   55.4331   29.4962  395.4581  198.4199  166.0504  303.9167
  125.1703  149.9277  171.5218  181.7979  439.6697  211.5911
  451.4003  275.1146  267.5741  201.1290  180.3536  122.7595
  166.7133  199.2468  268.0251  270.9016  208.6585  172.9715
  150.8118  182.1762  173.1325
            0.491439  0.569221  0.000000
    4.0201    4.7891    8.4059  105.5942  138.7134  108.1299
   55.2404   29.4857  391.7987  201.4937  166.5177  298.0807
  125.5476  154.7202  170.7641  181.7973  440.3648  212.5871
  464.8351  269.8032  267.2261  200.9850  180.0957  121.0495
  167.4242  197.3371  265.9918  270.0938  209.3147  174.7594
  149.4141  182.1892  172.7133
            0.494975  0.565685  0.000000
    4.0146    4.7907    8.4068  105.8492  139.2391  108.6961
   55.0532   29.4687  388.4897  204.3676  166.9455  292.0379
  125.8824  159.6735  170.0418  181.7959  441.0417  213.5011
  477.2886  264.9562  266.8124  200.8549  179.8621  119.3830
  168.1640  195.5796  264.0934  269.3448  209.9263  176.4205
  148.1090  182.1926  172.3325
            0.498510  0.562150  0.000000
    4.0101    4.7918    8.4072  106.0856  139.6994  109.2299
   54.8738   29.4473  385.5211  207.0248  167.3338  285.8351
  126.1768  164.7766  169.3623  181.7943  441.6901  214.3314
  488.7130  260.5779  266.3517  200.7383  179.6529  117.7659
  168.9298  193.9780  262.3405  268.6594  210.4897  177.9476
  146.9034  182.1884  171.9898
            0.502046  0.558614  0.000000
    4.0064    4.7925    8.4070  106.3019  140.0974  109.7262
   54.7045   29.4233  382.8845  209.4497  167.6824  279.5223
  126.4328  170.0123  168.7329  181.7930  442.3001  215.0767
  499.0626  256.6716  265.8639  200.6347  179.4677  116.2077
  169.7151  192.5357  260.7430  268.0414  211.0015  179.3336
  145.8042  182.1786  171.6846
            0.505581  0.555079  0.000000
    4.0034    4.7928    8.4064  106.4967  140.4367  110.1798
   54.5477   29.3985  380.5727  211.6274  167.9909  273.1566
  126.6527  175.3537  168.1601  181.7922  442.8623  215.7359
  508.2952  253.2385  265.3694  200.5440  179.3061  114.7231
  170.5085  191.2558  259.3102  267.4936  211.4588  180.5725
  144.8174  182.1651  171.4166
            0.509117  0.551543  0.000000
    4.0010    4.7930    8.4056  106.6686  140.7209  110.5855
   54.4059   29.3742  378.5798  213.5443  168.2592  266.8086
  126.8384  180.7574  167.6503  181.7920  443.3681  216.3084
  516.3726  250.2776  264.8889  200.4658  179.1676  113.3324
  171.2928  190.1410  258.0504  267.0178  211.8593  181.6583
  143.9491  182.1496  171.1853
            0.512652  0.548008  0.000000
    3.9991    4.7930    8.4047  106.8163  140.9538  110.9384
   54.2813   29.3517  376.9008  215.1883  168.4869  260.5770
  126.9918  186.1485  167.2089  181.7923  443.8099  216.7935
  523.2618  247.7859  264.4421  200.3999  179.0517  112.0625
  172.0439  189.1937  256.9712  266.6150  212.2010  182.5861
  143.2046  182.1337  170.9904
            0.516188  0.544472  0.000000
    3.9977    4.7929    8.4039  106.9388  141.1389  111.2340
   54.1762   29.3320  375.5320  216.5485  168.6737  254.6248
  127.1148  191.3845  166.8409  181.7930  444.1808  217.1909
  528.9351  245.7585  264.0478  200.3462  178.9578  110.9465
  172.7314  188.4159  256.0790  266.2857  212.4824  183.3513
  142.5886  182.1187  170.8315
            0.519723  0.540937  0.000000
    3.9966    4.7928    8.4031  107.0351  141.2792  111.4684
   54.0923   29.3158  374.4702  217.6160  168.8193  249.2832
  196.1512  127.2087  166.5503  181.7938  444.4754  217.5002
  533.3701  244.1900  263.7223  200.3046  178.8854  110.0219
  173.3202  187.8093  255.3793  266.0300  212.7023  183.9504
  142.1050  182.1058  170.7083
            0.523259  0.537401  0.000000
    3.9959    4.7927    8.4025  107.1045  141.3774  111.6382
   54.0313   29.3038  373.7134  218.3837  168.9235  245.4392
  199.5750  127.2749  166.3403  181.7946  444.6891  217.7212
  536.5498  243.0746  263.4795  200.2749  178.8340  109.3266
  173.7742  187.3751  254.8764  265.8476  212.8599  184.3805
  141.7573  182.0960  170.6205
            0.526795  0.533866  0.000000
    3.9954    4.7926    8.4021  107.1463  141.4356  111.7411
   53.9942   29.2964  373.2598  218.8464  168.9861  246.6428
  198.1153  127.3143  166.2133  181.7951  444.8186  217.8539
  538.4623  242.4076  263.3295  200.2571  178.8033  108.8940
  174.0615  187.1142  254.5734  265.7383  212.9547  184.6393
  141.5477  182.0898  170.5678
            0.530330  0.530330  0.000000
    3.9953    4.7926    8.4020  107.1603  141.4548  111.7755
   53.9818   29.2939  373.1088  219.0010  169.0069  263.6820
  180.9902  127.3273  166.1709  181.7953  444.8620  217.8982
  539.1005  242.1856  263.2788  200.2512  178.7931  108.7470
  174.1599  187.0272  254.4722  265.7019  212.9863  184.7257
  141.4776  182.0877  170.5503
