71         0.5        1                          
16                                       
 0.000000000000000E+00 0.000000000000000E+00 0.000000000000000E+00  1                    
 0.117851130197751E+00 0.117851130197751E+00 -0.117851130197751E+00  8                    
 0.235702260395502E+00 0.235702260395502E+00 -0.235702260395502E+00  8                    
 -0.353553390593253E+00 -0.353553390593253E+00 0.353553390593253E+00  4                    
 0.235702260395502E+00 0.000000000000000E+00 0.000000000000000E+00  6                    
 0.353553390593253E+00 0.117851130197751E+00 -0.117851130197751E+00  24                    
 -0.235702260395502E+00 -0.471404520791004E+00 0.471404520791004E+00  24                    
 -0.117851130197751E+00 -0.353553390593253E+00 0.353553390593253E+00  24                    
 0.277555756156289E-16 -0.235702260395502E+00 0.235702260395502E+00  12                    
 0.471404520791004E+00 0.000000000000000E+00 0.000000000000000E+00  6                    
 -0.117851130197751E+00 -0.589255650988755E+00 0.589255650988755E+00  24                    
 -0.277555756156289E-16 -0.471404520791004E+00 0.471404520791004E+00  12                    
 -0.707106781186506E+00 0.000000000000000E+00 0.000000000000000E+00  3                    
 -0.235702260395502E+00 -0.471404520791004E+00 0.707106781186506E+00  24                    
 -0.117851130197751E+00 -0.353553390593253E+00 0.589255650988755E+00  24                    
 -0.707106781186506E+00 0.235702260395502E+00 0.277555756156289E-16  12                    
 elph_dir/elph.inp_lambda.1                              
 elph_dir/elph.inp_lambda.2                              
 elph_dir/elph.inp_lambda.3                              
 elph_dir/elph.inp_lambda.4                              
 elph_dir/elph.inp_lambda.5                              
 elph_dir/elph.inp_lambda.6                              
 elph_dir/elph.inp_lambda.7                              
 elph_dir/elph.inp_lambda.8                              
 elph_dir/elph.inp_lambda.9                              
 elph_dir/elph.inp_lambda.10                              
 elph_dir/elph.inp_lambda.11                              
 elph_dir/elph.inp_lambda.12                              
 elph_dir/elph.inp_lambda.13                              
 elph_dir/elph.inp_lambda.14                              
 elph_dir/elph.inp_lambda.15                              
 elph_dir/elph.inp_lambda.16                              
0.16                                   
