 &plot nbnd=  33, nks= 251 /
            0.353553  0.707107  0.000000
    4.2547    4.2547    3.0286  949.9176  562.9572  133.3302
  106.1469  106.1471  228.1836  490.2801  490.2801  578.2126
  399.3867   56.2715   71.4952  387.9225  387.9227  240.4242
  240.4240  525.0818  151.7578  608.2879  484.7516  312.6492
  312.6493   49.8566  311.4285  311.4286  228.3856  291.7055
  160.9062  160.9062  298.6530
            0.353553  0.700036  0.007071
    4.1899    4.2875    3.1400  951.2438  562.3575  133.6301
  106.2084  106.2815  227.2285  491.0600  491.5109  577.6761
  399.2938   56.4927   71.6925  423.0206  385.9780  260.0531
  241.9675  472.1099  152.0860  607.7448  481.6693  315.5981
  313.7194   54.1862  310.5251  307.3544  228.1623  292.9034
  161.1767  160.9960  298.6653
            0.353553  0.692965  0.014142
    4.0502    4.3854    3.4187  955.2150  560.5521  134.5331
  106.4020  106.6716  224.4097  493.3923  495.1567  576.0661
  399.0188   57.1367   72.2881  452.9667  380.3952  200.2540
  246.3927  507.1777  153.0822  606.2311  473.1955  323.6613
  316.7930   65.5476  307.8510  296.7751  227.5142  296.4228
  161.9908  161.2689  298.6928
            0.353553  0.685894  0.021213
    3.9194    4.5470    3.7792  961.8080  557.5194  136.0534
  106.7539  107.2785  219.8616  497.2549  501.0820  573.3810
  398.5736   58.1496   73.2916  461.3010  371.8954  181.9916
  253.1107  525.6337  154.7787  604.0331  461.0875  335.0537
  321.5214   80.6019  303.5131  283.0738  226.5119  302.0395
  163.3545  161.7329  298.7078
            0.353553  0.678823  0.028284
    3.8382    4.7700    4.1777  970.9805  553.2129  138.2292
  107.3044  108.0418  213.7938  502.6107  509.0727  569.6201
  397.9795   59.4522   74.7167  461.0660  361.5164  180.6045
  261.2869  538.8659  157.2193  601.4756  447.0786  348.0056
  327.4822   96.6171  297.6858  269.0466  225.2754  309.3883
  165.2751  162.3969  298.6664
            0.353553  0.671751  0.035355
    3.8162    5.0509    4.6006  982.6653  547.5467  141.1434
  108.1035  108.8857  206.4718  509.4061  518.8535  564.7858
  397.2680   60.9542   76.5728  457.4821  350.3193  187.3685
  270.1166  550.0805  160.4493  598.8058  432.3393  361.3150
  334.3028  112.1560  290.6046  256.2008  223.9468  318.0033
  167.7567  163.2645  298.5123
            0.353553  0.664680  0.042426
    3.8514    5.3857    5.0450  996.7648  540.3786  144.9492
  109.2054  109.7258  198.1940  517.5683  530.1072  558.8867
  396.4826   62.5664   78.8568  452.3404  339.1233  199.1558
  279.0714  560.2709  164.5044  596.1441  417.4773  374.3649
  341.7204  126.6636  282.5577  245.1487  222.6353  327.3887
  170.7957  164.3302  298.1803
            0.353553  0.657609  0.049497
    3.9393    5.7691    5.5100 1013.1453  531.5016  149.8901
  110.6624  110.4768  189.2690  526.9998  542.4964  551.9414
  395.6780   64.2114   81.5474  446.3074  328.4097  214.5989
  287.9726  569.7681  169.4048  402.7334  593.4943  386.9410
  349.5818  139.9645  273.8761  236.0915  221.3663  337.0866
  174.3755  165.5770  297.6014
            0.353553  0.650538  0.056569
    4.0748    6.1951    5.9944 1031.6324  520.6669  156.2917
  112.5198  111.0587  179.9948  537.5696  555.6846  543.9827
  394.9174   65.8295   84.6082  439.6644  232.9282  318.3668
  296.9207  578.6836  175.1518  388.1606  590.7833  399.0615
  357.8130  151.9769  264.9219  229.0908  220.0690  346.7067
  178.4623  166.9757  296.7072
            0.353553  0.643467  0.063640
    4.2532    6.6570    6.4970 1052.0090  507.6700  164.4930
  114.8116  111.4018  170.6431  549.0989  569.3571  535.0613
  394.2667   67.3834   87.9940  432.5732  253.5758  308.9756
  306.1853  587.0568  181.7310  373.7342  587.9038  410.8615
  366.3825  162.6055  256.0753  224.1692  218.6025  355.9172
  183.0022  168.4873  295.4341
            0.353553  0.636396  0.070711
    4.4702    7.1475    7.0157 1074.0152  492.5164  174.7028
  117.5582  111.4500  161.4486  561.3409  583.2393  525.2493
  393.7855   68.8637  425.1878   91.6511  276.0209  300.0797
  316.1170  594.9130  189.1170  359.4092  584.7480  422.5182
  375.2685  171.7343  247.7219  221.3234  216.7968  364.4237
  187.9196  170.0653  293.7270
            0.353553  0.629325  0.077782
    4.7220    7.6586    7.5484 1097.3513  475.6102  186.8373
  120.7675  111.1605  152.6044  573.9536  597.1118  514.6418
  393.5175   70.3039  417.7081   95.5033  299.7225  291.4336
  327.0936  602.2898  197.2803  345.1452  581.2284  434.1963
  384.4337  179.2633  240.2400  220.5040  214.4887  371.9537
  193.1177  171.6593  291.5419
            0.353553  0.622254  0.084853
    5.0054    8.1824    8.0929 1121.6832  457.8240  200.4814
  124.4390  110.5028  144.2636  586.4635  610.8169  503.3570
  393.4823   71.8148  410.4031   99.4121  324.0922  282.7397
  339.4855  609.2511  206.1948  330.9147  577.2874  446.0062
  393.8051  185.1524  233.9887  221.5928  211.5457  378.2549
  198.4810  173.2183  288.8483
            0.353553  0.615183  0.091924
    5.3183    8.7109    8.6469 1146.6502  440.3447  215.0796
  128.5723  109.4551  136.5459  598.2215  624.2551  491.5334
  393.6737   73.6436  403.6129  103.1095  348.4893  273.6868
  353.6291  615.8944  215.8450  316.7027  572.8985  457.9754
  403.2574  189.4497  229.2981  224.3948  207.8814  383.1043
  203.8787  174.6934  285.6306
            0.353553  0.608112  0.098995
    5.6595    9.2368    9.2078 1171.8745  424.3869  230.2623
  133.1793  107.9998  129.5537  608.3512  637.3652  479.3241
  394.0644   76.2078  397.7314  106.1568  372.2348  263.9949
  369.7943  622.3527  226.2327  302.5017  568.0616  470.0368
  412.5992  192.2977  226.4600  228.6459  203.4675  386.3202
  209.1701  176.0403  281.8883
            0.353553  0.601041  0.106066
    6.0294    9.7536    9.7733 1196.9724  411.0117  246.0640
  138.3004  106.1192  123.4052  615.6971  650.0801  466.8895
  394.6161  393.1738   79.9432  108.0913  394.6417  253.4701
  388.1441  628.7899  237.3818  288.3050  562.7961  482.0339
  421.5655  193.9172  225.7192  234.0344  198.3437  387.7753
  214.2111  177.2208  277.6368
            0.353553  0.593970  0.113137
    6.4305   10.2563   10.3404 1221.5653  401.2078  262.8571
  144.0221  103.7917  118.3157  618.7923  662.2308  454.3877
  395.2927  390.3315   84.9175  108.8106  415.0561  242.0628
  635.3883  408.6856  249.3358  274.1051  557.1324  493.7430
  429.8210  227.2600  194.5790  240.2276  192.6248  387.4057
  218.8606  178.2032  272.9060
            0.353553  0.586899  0.120208
    6.8674   10.7415   10.9062 1245.2913  396.2684  280.9349
  150.4895  100.9908  114.8316  615.8856  673.2964  441.9671
  396.0714  389.5272   90.6884  108.7150  432.9024  229.9179
  642.3301  431.2290  262.1406  259.9066  551.1038  504.9041
  436.9886  231.1807  194.5729  246.8965  186.5031  385.2157
  222.9880  178.9631  267.7399
            0.353553  0.579828  0.127279
    7.3474   11.2078   11.4672 1267.8158  398.5305  299.6164
  157.9005   97.6899  605.0995  114.6210  681.5954  429.7588
  396.9491  390.9765   96.6986  108.3155  447.7252  217.3949
  649.7698  455.3715  275.7969  245.7715  544.7401  515.2563
  442.7145  237.4455  194.1808  253.7344  180.2403  381.2768
  226.4803  179.4827  262.1949
            0.353553  0.572756  0.134350
    7.8808   11.6565   12.0195 1288.8411  412.7362  315.5510
  166.4624   93.8785  584.8023  123.5692  681.1671  417.8733
  397.9439  394.7678  102.6294  107.8833  459.2205  205.0358
  657.7974  480.5316  290.1750  231.9112  538.0624  524.5679
  446.7734  245.8162  193.6562  260.4680  174.1458  375.7223
  229.2481  179.7497  256.3377
            0.353553  0.565685  0.141421
    8.4811   12.0909   12.5586 1308.1148  447.8677  320.3714
  176.2925   89.6012  554.2136  164.3905  649.1188  406.3994
  399.0916  400.8606  108.4020  107.4530  467.2563  193.4765
  666.3896  506.0367  304.9069  218.8119  531.0791  532.6584
  449.1854  255.7874  193.2118  266.8631  168.5416  368.7372
  231.2317  179.7567  250.2430
            0.353553  0.558614  0.148492
    9.1644   12.5174   13.0797 1325.4358  514.1505  303.1687
  187.2739   85.0410  514.0611  295.6142  526.5608  395.4056
  400.4391  409.1012  114.0534  106.9497  471.8828  183.3239
  675.3451  531.2442  319.3494  207.3080  523.7844  539.4091
  450.2816  266.5857  193.0138  163.7176  272.7248  360.5463
  232.4042  179.5000  243.9912
            0.353553  0.551543  0.155563
    9.9497   12.9446   13.5772 1340.6585  603.6128  269.7541
  198.9476   80.6828  466.8616  474.6181  355.4154  384.9426
  402.0366  419.2488  119.6525  106.2763  473.3350  175.0433
  684.1989  555.6496  332.7821  198.4474  516.1565  544.7638
  450.6552  277.2804  193.1804  159.8889  277.8956  351.4001
  232.7741  178.9778  237.6655
            0.353553  0.544472  0.162635
   10.8571   13.3837   14.0450 1353.6948  690.4362  242.7446
  210.5564   77.6091  416.4360  573.6316  262.1275  375.0460
  403.9287  431.0056  125.2635  105.3528  472.0239  168.8952
  692.1042  578.9445  344.9155  193.0920  508.1560  548.7228
  451.0058  286.9886  193.7846  157.1660  282.2532  341.5612
  232.3848  178.1902  231.3495
            0.353553  0.537401  0.169706
   11.9072   13.8481   14.4768 1364.5133  766.3840  227.0242
  221.2831   77.9479  366.7800  612.9107  224.0549  365.7385
  406.1471  444.0456  130.9354  104.1287  468.5080  164.9341
  697.6508  601.0115  356.4901  191.5131  499.7222  551.3322
  451.9652  295.0748  194.8593  155.5470  285.7062  331.2917
  231.3114  177.1375  225.1245
            0.353553  0.530330  0.176777
   13.1194   14.3530   14.8659 1373.1360  834.4134  216.9449
  230.5442   85.2613  320.9596  620.2083  209.6213  357.0311
  408.7035  458.0389  136.6991  102.5886  463.4382  163.0494
  698.5378  621.8763  369.6913  193.3487  490.7647  552.6734
  454.0010  301.2512  196.4045  154.9330  288.1926  320.8420
  229.6555  175.8201  219.0667
            0.353553  0.523259  0.183848
   14.5093   14.9152   15.2053 1379.6335  896.3744  208.9708
  238.1411  104.0150  280.6237  603.1942  206.4432  348.9228
  411.5831  472.6704  142.5646  100.7562  457.4749  163.0223
  690.9039  388.5802  641.6446  197.9172  481.1480  552.8520
  457.4271  198.3959  305.5563  155.1591  289.6773  310.4426
  227.5376  174.2385  213.2459
            0.353553  0.516188  0.190919
   16.0874   15.5525   15.4885 1384.1175  952.8010  201.7830
  244.2113  136.8097  246.1649  563.9543  209.6140  341.4011
  414.7391  487.6544  148.5077   98.7094  451.1921  164.5767
  667.9925  420.1699  660.4471  204.5663  470.6688  551.9898
  462.4843  200.7932  308.2598  156.0303  290.1516  300.2968
  225.0870  172.3931  207.7230
            0.353553  0.509117  0.197990
   17.8563   16.2831   15.7089 1386.7326 1003.9257  194.9672
  249.0776  180.5257  217.1797  507.7720  216.7938  334.4419
  418.0854  502.7450  154.4264   96.6242  444.9922  167.4137
  618.4544  476.0264  678.4013  212.8526  459.0332  550.2175
  469.4333  203.5488  309.7529  157.3547  289.6341  290.5759
  222.4316  170.2849  202.5491
            0.353553  0.502046  0.205061
   19.8091   17.1249   15.8612 1387.6475 1049.9871  188.4232
  253.1072  226.7799  192.9039  444.3459  226.5487  328.0107
  421.4876  517.7460  159.9918   94.9232  439.0460  171.2325
  530.3273  568.3126  695.5931  222.5763  445.8763  547.6695
  478.5902  206.6145  310.4579  158.9666  288.1721  281.4164
  219.6866  167.9165  197.7641
            0.353553  0.494975  0.212132
   21.9280   18.0943   15.9409 1387.0475 1091.2507  182.1524
  256.6283  267.6038  172.4992  382.7194  237.7549  322.0640
  424.7479  532.5210  164.0785   94.8428  433.2683  175.7399
  416.8676  683.9989  712.0707  233.7675  430.9517  544.4794
  490.1669  209.9474  310.7700  160.7399  285.8441  272.9168
  216.9443  165.2927  193.3971
            0.353553  0.487904  0.219203
   24.1839   19.2055   15.9451 1385.1265 1127.9817  176.1833
  259.8983  299.2975  155.1976  327.6318  249.4016  316.5527
  427.5777  547.0117  162.3312  100.8618  427.3298  180.6554
  326.2095  775.1861  727.8484  246.6995  414.7394  540.7772
  503.6722  213.5135  311.0251  162.5941  282.7614  265.1365
  214.2656  162.4219  189.4655
            0.353553  0.480833  0.226274
   26.5368   20.4691   15.8734 1382.0815 1160.4302  170.5453
  263.1004  321.7659  140.3553  280.2051  260.5719  311.4253
  429.5488  561.2720  141.8610  125.9984  420.7302  278.0884
  185.7140  822.2237  742.9135  261.9876  399.4015  536.6862
  516.9527  217.2886  311.4887  164.4945  279.0677  258.0936
  211.6756  159.3173  185.9759
            0.353553  0.473762  0.233345
   28.9376   21.8906   15.7277 1378.1083 1188.8305  165.2607
  266.3520  336.4936  127.4596  239.9103  270.5011  306.6309
  430.0049  575.5347  109.4353  163.6121  412.9798  258.4588
  190.6700  838.6610  280.8608  757.2349  388.3920  532.3209
  526.5727  221.2581  312.3543  166.4502  274.9347  251.7638
  209.1646  155.9974  182.9246
            0.353553  0.466690  0.240416
   31.3311   23.4692   15.5129 1373.3975 1213.4100  160.3438
  269.7163  345.2492  116.1154  205.7874  278.6458  302.1233
  427.9392  590.3095   92.1546  186.7169  403.9047  254.0873
  195.3021  835.7248  305.8132  770.7706  383.3862  527.7853
  530.8740  225.4149  313.7496  168.5120  270.5525  246.0772
  206.6947  152.4869  180.2989
            0.353553  0.459619  0.247487
   33.6600   25.1968   15.2372 1368.1318 1234.3989  155.8047
  273.2107  349.5829  106.0253  176.9007  284.7228  297.8630
  422.1038  606.2552   84.0412  201.3821  393.9486  258.3099
  199.4178  814.7777  342.1089  783.4745  382.8581  523.1723
  531.3882  229.7551  315.7443  170.7713  266.1161  240.9162
  204.2119  148.8172  178.0778
            0.353553  0.452548  0.254558
   35.8695   27.0571   14.9112 1362.4840 1252.0403  151.6555
  276.8128  350.7178   96.9695  152.4410  288.7013  293.8194
  413.6266  621.5865   79.3154  213.4476  384.1971  267.6812
  202.8599  767.6218  400.7883  795.3008  384.4049  518.5643
  530.5061  234.2732  318.3585  173.3599  261.8097  236.1123
  201.6599  145.0262  176.2341
            0.353553  0.445477  0.261630
   37.9116   29.0250   14.5484 1356.6148 1266.5949  147.9171
  280.4635  349.5793   88.7878  131.7248  290.7594  289.9713
  417.0060  621.2079   76.1201  224.7909  375.9610  280.0860
  205.5099  677.5021  499.8495  806.2089  386.4976  514.0346
  529.7221  238.9553  321.5702  257.7939  176.4509  231.4440
  198.9925  141.1577  174.7354
            0.353553  0.438406  0.268701
   39.7493   31.0677   14.1632 1350.6713 1278.3443  144.6241
  284.0714  346.8579   81.3655  114.1769  291.2214  286.3077
  440.5011  596.6031   73.8106  236.0316  370.1000  294.2045
  207.2917  544.9512  639.3441  816.1665  388.4894  509.6523
  529.6254  243.7716  325.3225  254.1966  180.2538  226.6417
  196.1816  137.2613  173.5457
            0.353553  0.431335  0.275772
   41.3585   33.1453   13.7708 1344.7865 1287.5883  141.8222
  287.5222  343.0682   74.6216   99.3169  290.4952  282.8268
  452.8498  579.4262   72.1113  366.4944  247.3712  309.3547
  208.1734  427.7053  761.8490  825.1533  390.1963  505.4887
  530.3197  248.6666  329.5292  251.1108  184.9971  221.4063
  193.2183  133.3903  172.6271
            0.353553  0.424264  0.282843
   42.7290   35.2136   13.3853 1339.0789 1294.6415  139.5556
  290.6973  338.5981   68.5004   86.7488  289.0169  279.5353
  443.5113  581.2803   70.8732  364.0532  258.8323  325.3115
  208.1683  364.0451  829.2851  833.1629  391.6191  501.6283
  531.7038  253.5473  334.0801  248.5973  190.8812  215.4584
  190.1110  129.6013  171.9408
            0.353553  0.417193  0.289914
   43.8640   37.2263   13.0190 1333.6526 1299.8249  137.8446
  293.5006  333.7463   62.9652   76.1498  287.2090  276.4470
  416.7169  599.2528   69.9966  361.3225  270.3367  342.0551
  207.3348  336.6458  859.1323  840.2044  392.8141  498.1848
  533.6042  258.2679  338.8461  246.6899  197.9893  208.6305
  186.8792  125.9522  171.4486
            0.353553  0.410122  0.296985
   44.7775   39.1379   12.6819 1328.5977 1303.4585  136.6648
  295.8823  328.7512   57.9940   67.2593  285.4504  273.5814
  380.5423  626.3371   69.4035  357.2907  281.7334  359.4625
  205.7762  325.8216  871.1982  846.3026  393.8413  495.3256
  535.8328  262.6074  343.6842  245.4019  206.1685  200.9888
  183.5484  122.5009  171.1139
            0.353553  0.403051  0.304056
   45.4918   40.9068   12.3809 1323.9908 1305.8513  135.9404
  297.8484  323.8119   53.5764   59.8668  284.0558  270.9624
  345.3976  652.7329   69.0284  351.9351  292.8122  376.9923
  203.6383  321.9091  875.2150  851.4960  394.7451  493.3083
  538.2105  266.2360  348.4427  244.7285  214.9557  192.9107
  180.1483  119.3036  170.9026
            0.353553  0.395980  0.311127
   46.0339   42.4968   12.1203 1319.8954 1307.2929  135.5595
  299.4463  319.1031   49.7116   53.8006  283.2607  268.6164
  317.8649  672.0972   68.8148  346.2506  303.3153  393.6272
  201.1053  320.5465  875.5022  855.8341  395.5506  492.5399
  540.5774  268.6622  352.9665  244.6458  223.6518  185.0136
  176.7156  116.4132  170.7837
            0.353553  0.388909  0.318198
   46.4326   43.8791   11.9021 1316.3622 1308.0461  135.4012
  300.7390  314.7843   46.4059   48.9182  283.2057  266.5711
  298.3274  684.1002   68.7143  312.9494  341.6013  408.4645
  198.3919  319.4155  874.1012  859.3730  396.2650  493.6675
  542.7969  269.1470  357.1039  245.1015  231.5486  177.9302
  173.3059  113.8787  170.7299
            0.353553  0.381838  0.325269
   46.7157   45.0317   11.7263 1313.4299 1308.3401  135.3628
  301.7782  311.0038   43.6711   45.0996  283.9128  264.8533
  284.5664  690.9898   68.6864  321.4036  338.7755  421.7887
  195.7307  316.6643  872.0780  862.1703  396.8822  497.7092
  544.7566  266.5798  360.7122  245.9964  238.1507  172.0892
  170.0142  111.7429  170.7178
            0.353553  0.374767  0.332340
   46.9082   45.9397   11.5919 1311.1264 1308.3667  135.3736
  302.5922  307.8975   41.5218   42.2435  285.2447  263.4880
  274.6459  694.8298   68.6983  328.3712  337.6372  436.0352
  193.3555  309.6814  870.0432  864.2809  397.3882  506.1454
  546.3678  259.3936  363.6639  247.1612  243.2396  167.6528
  167.0008  110.0424  170.7282
            0.353553  0.367696  0.339411
   47.0305   46.5934   11.4975 1309.4703 1308.2769  135.3945
  303.1856  305.5837   39.9732   40.2669  286.8589  262.4963
  267.5885  696.9113   68.7246  333.5750  337.5242  457.5002
  191.4808  292.7233  868.3687  865.7518  397.7658  520.4230
  547.5640  246.0669  365.8529  248.3440  246.7959  164.5952
  164.5075  108.8065  170.7462
            0.353553  0.360624  0.346482
   47.0977   46.9874   11.4416 1308.4727 1308.1794  135.4094
  303.5494  304.1553   39.0381   39.1074  288.2154  261.8945
  263.2026  697.9370   68.7475  336.7933  337.7553  502.4421
  190.2801  250.1863  867.2815  866.6192  397.9996  538.6424
  548.2996  228.4422  367.1994  249.2377  248.8847  162.8188
  162.8320  108.0563  170.7613
            0.353553  0.353553  0.353553
   47.1190   47.1190   11.4230 1308.1396 1308.1396  135.4145
  303.6723  303.6723   38.7253   38.7253  288.7512  261.6927
  261.6927  698.2455   68.7563  337.8826  337.8826  563.5121
  189.8668  189.8668  866.9058  866.9058  398.0788  548.5477
  548.5477  218.7393  367.6539  249.5723  249.5723  162.2376
  162.2376  107.8048  170.7671
            0.346482  0.346482  0.346482
   46.7627   46.7627   11.4402 1307.4892 1307.4892  135.5896
  302.7981  302.7981   39.8865   39.8865  289.3052  261.4211
  261.4211  697.1629   69.1544  337.1511  337.1511  566.5156
  189.4671  189.4671  866.6174  866.6174  399.8042  550.0293
  550.0293  230.2340  354.0568  249.4739  249.4739  162.5849
  162.5849  109.2214  170.6042
            0.339411  0.339411  0.339411
   45.7223   45.7223   11.4913 1305.4622 1305.4622  136.1802
  300.3747  300.3747   43.1822   43.1822  291.0544  260.6168
  260.6168  693.9763   70.3162  334.9837  334.9837  575.4266
  188.3037  188.3037  865.6378  865.6378  406.1788  239.3009
  554.4794  554.4794  337.3397  249.1916  249.1916  163.6001
  163.6001  113.2025  170.3198
            0.332340  0.332340  0.332340
   44.0784   44.0784   11.5751 1301.8398 1301.8398  137.3977
  296.9109  296.9109   48.1382   48.1382  294.2693  259.3111
  259.3111  688.8649   72.1463  331.4569  331.4569  589.8116
  186.4823  186.4823  863.6275  863.6275  423.1418  230.1726
  561.9187  561.9187  327.0056  248.7632  248.7632  165.2026
  165.2026  119.0834  170.3905
            0.325269  0.325269  0.325269
   41.9509   41.9509   11.6894 1296.2820 1296.2820  139.6543
  293.0276  293.0276   54.1889   54.1889  299.4053  257.5540
  257.5540  682.1133   74.4957  326.6828  326.6828  608.6622
  184.1774  184.1774  860.0326  860.0326  462.4735  193.5284
  572.3951  572.3951  320.2703  248.2486  248.2486  167.2618
  167.2618  126.0901  171.2981
            0.318198  0.318198  0.318198
   39.4806   39.4806   11.8317 1288.3601 1288.3601  143.6758
  289.2849  289.2849   60.8489   60.8489  307.0253  255.4112
  255.4112  674.0910   77.1749  630.2680  320.7889  320.7889
  181.6291  181.6291  854.1061  854.1061  397.8526  257.4820
  585.9993  585.9993  315.1062  247.7212  247.7212  169.6062
  169.6062  133.5509  173.3453
            0.311127  0.311127  0.311127
   36.8114   36.8114   11.9991 1277.5932 1277.5932  150.7137
  286.1024  286.1024   67.7901   67.7901  317.5093  252.9587
  252.9587  665.2265   79.9724  652.2872  313.8939  313.8939
  179.1411  179.1411  844.9458  844.9458  348.8672  303.3999
  602.8702  602.8702  310.4250  247.2526  247.2526  172.0398
  172.0398  140.9708  176.6118
            0.304056  0.304056  0.304056
   34.0746   34.0746   12.1889 1263.4840 1263.4840  162.9248
  283.7585  283.7585   74.8410   74.8410  330.3855  250.2764
  250.2764  655.9765  672.0584   82.6734  306.0816  306.0816
  177.0826  177.0826  831.5613  831.5613  331.7756  315.6157
  623.1751  623.1751  305.5909  246.8933  246.8933  174.3640
  174.3640  148.0222  180.9926
            0.296985  0.296985  0.296985
   31.3797   31.3797   12.3992 1245.5498 1245.5498  183.9807
  282.4266  282.4266   81.9499   81.9499  343.2203  247.4410
  247.4410  646.7948  687.1362   85.0804  297.3761  297.3761
  175.8957  175.8957  812.9909  812.9909  323.3800  647.0338
  647.0338  317.7654  300.2037  246.6558  246.6558  176.3993
  176.3993  154.5116  186.2557
            0.289914  0.289914  0.289914
   28.8094   28.8094   12.6291 1223.3483 1223.3483  219.7307
  282.2163  282.2163   89.1441   89.1441  350.4347  244.5200
  244.5200  638.1016  695.8512   87.0310  287.7211  287.7211
  176.1110  176.1110  788.4903  788.4903  318.1828  674.3607
  674.3607  315.7101  294.0142  246.5027  246.5027  178.0026
  178.0026  160.3460  192.0930
            0.282843  0.282843  0.282843
   26.4202   26.4202   12.8802 1196.4981 1196.4981  277.7005
  283.2064  283.2064   96.4989   96.4989  343.5700  241.5672
  241.5672  630.2571  697.5879   88.4110  276.9707  276.9707
  178.3669  178.3669  314.4778  757.7915  757.7915  704.6178
  704.6178  311.4826  286.8919  246.3451  246.3451  179.0776
  179.0776  165.5057  198.1604
            0.275772  0.275772  0.275772
   24.2451   24.2451   13.1577 1164.6971 1164.6971  362.4904
  285.4639  285.4639  104.1174  104.1174  316.0820  238.6207
  238.6207  623.5427  692.6358   89.1620  264.9143  264.9143
  183.4120  183.4120  311.6211  721.3533  721.3533  736.5578
  736.5578  306.0391  278.8098  246.0476  246.0476  179.5797
  179.5797  170.0220  204.1074
            0.268701  0.268701  0.268701
   22.2983   22.2983   13.4720 1127.7437 1127.7437  467.7502
  289.0488  289.0488  112.1201  112.1201  271.8288  235.7032
  235.7032  681.7766  618.1492   89.2810  251.3826  251.3826
  192.0421  192.0421  309.3543  680.4183  680.4183  768.1383
  768.1383  299.9506  269.8323  245.4390  245.4390  179.5170
  179.5170  173.9601  209.6012
            0.261630  0.261630  0.261630
   20.5799   20.5799   13.8416 1085.5685 1085.5685  577.2514
  293.9993  293.9993  224.4418  120.6391  120.6391  232.8253
  232.8253  665.9006  614.1755   88.8129  236.5147  236.5147
  204.8907  204.8907  307.5905  636.6805  636.6805  796.8105
  796.8105  293.6224  260.1013  244.3268  244.3268  178.9492
  178.9492  177.4055  214.3470
            0.254558  0.254558  0.254558
   19.0800   19.0800   14.2970 1038.2855 1038.2855  677.6674
  300.2909  300.2909  184.8093  129.8156  129.8156  229.9888
  229.9888  645.8108  611.6341   87.8361  221.2174  221.2174
  306.3284  222.0280  222.0280  591.6001  591.6001  820.1537
  820.1537  287.3732  249.8180  242.5128  242.5128  177.9839
  177.9839  180.4533  218.1069
            0.247487  0.247487  0.247487
   17.7825   17.7825   14.8863  986.2694  986.2694  764.1647
  307.7648  307.7648  155.5774  139.7972  139.7972  227.1928
  227.1928  622.2045  610.4635   86.4454  207.5866  207.5866
  305.6034  242.5771  242.5771  545.7328  545.7328  836.5171
  836.5171  281.4651  239.2218  239.8113  239.8113  176.7711
  176.7711  183.2015  220.7177
            0.240416  0.240416  0.240416
   16.6674   16.6674   15.6820  836.4971  930.2518  930.2518
  316.0315  316.0315  135.0611  150.7331  150.7331  224.4388
  224.4388  595.7441  610.5425   84.7346  198.7197  198.7197
  305.4496  264.8635  264.8635  498.4934  498.4934  845.3017
  845.3017  276.1146  228.5669  236.0671  236.0671  175.4936
  175.4936  185.7444  222.1077
            0.233345  0.233345  0.233345
   15.7135   15.7135   16.7862  895.3257  871.4043  871.4043
  324.3831  324.3831  120.9073  162.7670  162.7670  221.7377
  221.7377  567.1423  611.7032   82.7826  305.8659  197.6761
  197.6761  287.2325  287.2325  448.5124  448.5124  846.8361
  846.8361  271.4970  218.1002  231.1750  231.1750  174.3532
  174.3532  188.1683  222.3122
            0.226274  0.226274  0.226274
   14.8990   14.8990   18.3250  941.0446  811.3446  811.3446
  331.7770  331.7770  111.2763  176.0262  176.0262  219.1157
  219.1157  537.2148  613.7422   80.6456  306.7932  206.3402
  206.3402  308.6140  308.6140  394.5317  394.5317  842.0641
  842.0641  267.7469  225.0985  225.0985  208.0420  173.5517
  173.5517  190.5469  221.4869
            0.219203  0.219203  0.219203
   14.2029   14.2029   20.4149  973.7613  752.0030  752.0030
  336.9546  336.9546  104.9129  190.6078  190.6078  216.6213
  216.6213  506.8835  616.4266   78.3549  308.1127  224.9590
  224.9590  327.9230  327.9230  336.7563  336.7563  832.2685
  832.2685  264.9601  217.8879  217.8879  198.5709  173.2679
  173.2679  192.9372  219.9169
            0.212132  0.212132  0.212132
   13.6052   13.6052   23.0767  993.5779  695.3487  695.3487
  338.6949  338.6949  100.9803  206.5630  206.5630  214.3317
  214.3317  477.1266  619.4984   75.9208  309.6712  252.2136
  252.2136  342.7522  342.7522  278.2631  278.2631  818.9125
  818.9125  263.1941  209.6930  209.6930  189.8166  173.6331
  173.6331  195.3741  218.0206
            0.205061  0.205061  0.205061
   13.0878   13.0878   26.1076 1000.9029  643.0704  643.0704
  336.1072  336.1072   98.9072  223.8841  223.8841  212.3578
  212.3578  448.8924  622.6770  311.3267   73.3389  285.5212
  285.5212  349.0854  349.0854  225.0503  225.0503  803.5849
  803.5849  262.4702  200.7711  200.7711  181.8600  174.7076
  174.7076  197.8655  216.3466
            0.197990  0.197990  0.197990
   12.6339   12.6339   29.0090  996.6495  596.3549  596.3549
  328.8237  328.8237   98.2869  242.4955  242.4955  210.8454
  210.8454  423.0057  625.6621  312.9936   70.5984  321.6155
  321.6155  343.6421  343.6421  183.1172  183.1172  788.0014
  788.0014  262.7757  191.4843  191.4843  174.7400  176.4639
  176.4639  200.3865  215.5632
            0.190919  0.190919  0.190919
   12.2286   12.2286   31.1253  982.1699  555.8399  555.8399
  317.0143  317.0143   98.8161  262.2507  262.2507  209.9732
  209.9732  400.1023  628.1384  314.6623   67.6890  357.3441
  357.3441  326.9892  326.9892  154.5303  154.5303  774.0216
  774.0216  264.0673  182.2871  182.2871  178.7805  178.7805
  168.4664  202.8739  216.4393
            0.183848  0.183848  0.183848
   11.8584   11.8584   31.9812  958.9462  521.7173  521.7173
  301.2570  301.2570  100.2603  282.9342  282.9342  380.6070
  209.9430  209.9430  629.7827  316.3818   64.6075  390.3151
  390.3151  303.2588  303.2588  137.0306  137.0306  763.6580
  763.6580  266.2774  173.7018  173.7018  181.4485  181.4485
  163.0355  205.2222  219.8181
            0.176777  0.176777  0.176777
   11.5109   11.5109   31.5335  928.3321  493.8952  493.8952
  282.3611  282.3611  102.4339  304.2643  304.2643  364.7559
  210.9624  210.9624  630.2723  318.2126  419.1065  419.1065
   61.3620  277.1322  277.1322  126.8163  126.8163  759.0627
  759.0627  269.3220  166.2865  166.2865  184.1926  184.1926
  158.4452  207.2813  226.5843
            0.169706  0.169706  0.169706
   11.1751   11.1751   30.1097  891.5750  472.1433  472.1433
  261.2251  261.2251  105.1895  325.8906  325.8906  352.6422
  213.2197  213.2197  629.2943  320.1701  443.1007  443.1007
   57.9750  251.8043  251.8043  120.7295  120.7295  762.4873
  762.4873  273.1124  160.5993  160.5993  186.7005  186.7005
  154.7060  208.8573  237.6261
            0.162635  0.162635  0.162635
   10.8409   10.8409   28.1562  850.0038  456.1858  456.1858
  238.7673  238.7673  108.4104  347.3852  347.3852  344.2692
  216.8513  216.8513  626.5564  322.1828  462.1840  462.1840
   54.4850  228.7802  228.7802  116.7569  116.7569  776.2167
  776.2167  277.5682  157.1635  157.1635  188.6574  188.6574
  151.8452  209.7199  253.7955
            0.155563  0.155563  0.155563
   10.4989   10.4989   26.0360  805.1472  445.7412  445.7412
  215.9183  215.9183  112.0023  368.2371  368.2371  339.5958
  221.9049  221.9049  621.7964  324.0739  476.4882  476.4882
   50.9470  208.4175  208.4175  113.7554  113.7554  802.4807
  802.4807  282.6314  156.4409  156.4409  189.7776  189.7776
  149.9023  209.6145  275.8677
            0.148492  0.148492  0.148492
   10.1408   10.1408   23.9653  758.7000  440.5236  440.5236
  193.6307  193.6307  115.8817  387.8729  387.8729  338.5712
  228.3030  228.3030  614.7916  325.5734  486.2313  486.2313
   47.4324  190.4623  190.4623  111.0976  111.0976  843.3487
  843.3487  288.2787  158.8123  158.8123  189.8294  189.8294
  148.9142  208.2843  304.5028
            0.141421  0.141421  0.141421
    9.7590    9.7590   22.0387  712.4014  440.2240  440.2240
  119.9568  172.8531  172.8531  405.7351  405.7351  341.1583
  235.8111  235.8111  605.3684  326.3528  491.6415  491.6415
   44.0265  174.4019  174.4019  108.4287  108.4287  900.6148
  900.6148  294.5319  164.5676  164.5676  188.6489  188.6489
  148.8913  205.4970  340.2118
            0.134350  0.134350  0.134350
    9.3473    9.3473   20.2757  667.8995  444.4825  444.4825
  124.1026  154.4264  154.4264  421.4408  421.4408  347.3463
  244.0174  244.0174  326.0738  593.4101  492.9351  492.9351
   40.8253  159.6702  159.6702  105.5295  105.5295  975.6793
  975.6793  301.4643  173.9011  173.9011  186.1451  186.1451
  149.7878  201.0762  383.3268
            0.127279  0.127279  0.127279
    8.9008    8.9008   18.6594  626.6476  452.8632  452.8632
  128.1334  138.9185  138.9185  434.9863  434.9863  357.1535
  252.3314  252.3314  324.4375  578.8652  490.3197  490.3197
   37.9300  145.7648  145.7648  102.2490  102.2490 1069.4358
 1069.4358  309.2044  186.9103  186.9103  182.2958  182.2958
  151.4729  194.9271  433.9787
            0.120208  0.120208  0.120208
    8.4164    8.4164   17.1595  589.8427  464.8347  464.8347
  131.7842  126.4800  126.4800  446.9055  446.9055  370.6195
  260.0058  260.0058  321.2197  561.7552  484.0090  484.0090
   35.4394  132.3152  132.3152   98.4776   98.4776 1182.1713
 1182.1713  317.9377  203.5958  203.5958  177.1390  177.1390
  153.7088  187.0518  492.0798
            0.113137  0.113137  0.113137
    7.8929    7.8929   15.7443  558.4000  479.7616  479.7616
  134.7147  116.8189  116.8189  458.2754  458.2754  387.7909
  266.1862  266.1862  316.2772  542.1804  474.2396  474.2396
   33.4424  119.1182  119.1182   94.1429   94.1429 1313.4885
 1313.4885  327.9060  223.8610  223.8610  170.7610  170.7610
  156.1435  177.5458  557.3134
            0.106066  0.106066  0.106066
    7.3312    7.3312   14.3864  532.9502  496.9090  496.9090
  136.5463  109.3178  109.3178  470.5420  470.5420  408.7090
  269.9874  269.9874  309.5174  520.3247  461.2871  461.2871
   32.0089  106.1478  106.1478   89.2156   89.2156 1462.2617
 1462.2617  339.4039  247.5117  247.5117  163.2855  163.2855
  158.3187  166.5811  629.1294
            0.098995  0.098995  0.098995
    6.7344    6.7344   13.0647  513.8445  515.4608  515.4608
  136.9278  103.2285  103.2285  485.2374  485.2374  433.4083
  270.5905  270.5905  300.8358  496.4558  445.4790  445.4790
   31.1837   93.5433   93.5433   83.7156   83.7156 1626.6329
 1626.6329  352.7684  274.2559  274.2559  154.8638  154.8638
  159.6927  154.3789  706.7454
            0.091924  0.091924  0.091924
    6.1078    6.1078   11.7650  501.1650  534.5547  534.5547
  135.6048   97.8470   97.8470  503.6962  503.6962  461.9201
  267.3452  267.3452  290.0494  470.9228  427.2051  427.2051
   30.9811   81.5754   81.5754   77.7115   77.7115 1804.0522
 1804.0522  368.3537  303.7046  303.7046  145.6675  145.6675
  159.6788  141.1849  789.1547
            0.084853  0.084853  0.084853
    5.4588    5.4588   10.4795  553.3310  553.3310  494.7476
  132.4615   92.6167   92.6167  526.8438  526.8438  494.2530
  259.8583  259.8583  276.8773  444.1478  406.9242  406.9242
   31.3844   70.5981   70.5981   71.3124   71.3124 1991.3607
 1991.3607  386.4837  335.3751  335.3751  135.8833  135.8833
  157.7031  127.2513  875.1409
            0.077782  0.077782  0.077782
    4.7965    4.7965    9.2068  570.9927  570.9927  494.2207
  127.5178   87.1632   87.1632  555.0753  555.0753  530.3147
  248.0506  248.0506  261.0115  416.6149  385.1669  385.1669
   32.3463   60.9886   60.9886   64.6544   64.6544 2184.9067
 2184.9067  407.3721  368.6959  368.6959  125.7099  125.7099
  153.2900  112.8296  963.2993
            0.070711  0.070711  0.070711
    4.1316    4.1316    7.9509  586.8697  586.8697  499.0514
  120.8926   81.2861   81.2861  588.2172  588.2172  569.7826
  232.1682  232.1682  242.2721  388.8557  362.5327  362.5327
   33.7931   53.0848   53.0848   57.8854   57.8854 2380.6838
 2380.6838  431.0138  403.0144  403.0144  115.3562  115.3562
  146.1721   98.1721 1052.0662
            0.063640  0.063640  0.063640
    3.4761    3.4761    6.7213  600.4755  600.4755  508.5799
  112.7570   74.9358   74.9358  625.5534  625.5534  611.9898
  212.7527  212.7527  220.7674  361.4324  339.6810  339.6810
   35.6293   47.1276   47.1276   51.1547   51.1547 2574.4778
 2574.4778  437.6078  437.6078  457.0728  105.0395  105.0395
  136.4023   83.5388 1139.7562
            0.056569  0.056569  0.056569
    2.8425    2.8425    5.5318  611.5470  611.5470  522.0304
  103.3032   68.1873   68.1873  665.8989  665.8989  655.9043
  190.5864  190.5864  196.9742  334.9215  317.3098  317.3098
   37.7434   43.2151   43.2151   44.6079   44.6079 2762.0117
 2762.0117  471.6966  471.6966  484.8183   94.9832   94.9832
  124.4180   69.2042 1224.6058
            0.049497  0.049497  0.049497
    2.2439    2.2439    4.4003  620.0551  620.0551  538.4966
   92.7434   61.2165   61.2165  707.7065  707.7065  700.2079
  166.6372  166.6372  171.7157  309.8958  296.1173  296.1173
   40.0136   41.2765   41.2765   38.3863   38.3863 2939.0818
 2939.0818  504.4623  504.4623  513.1615   85.4136   85.4136
  111.0050   55.4630 1304.8236
            0.042426  0.042426  0.042426
    1.6933    1.6933    3.3480  626.1830  626.1830  556.9185
   81.3406   54.2759   54.2759  749.1924  749.1924  743.4138
  142.0296  142.0296  146.0813  276.7375  276.7375  286.9086
   42.3133   41.0702   41.0702   32.6275   32.6275 3101.6812
 3101.6812  535.0697  535.0697  540.8032   76.5552   76.5552
   97.1543   42.6289 1378.6449
            0.035355  0.035355  0.035355
    1.2030    1.2030    2.3985  630.2760  630.2760  576.0686
   69.4698   47.6670   47.6670  788.4692  788.4692  783.9661
  118.0478  118.0478  121.3264  259.6541  259.6541  266.4775
   44.5173   42.2055   42.2055   27.4662   27.4662 3246.1102
 3246.1102  562.6932  562.6932  566.4320   68.6246   68.6246
   83.8687   31.0278 1444.3878
            0.028284  0.028284  0.028284
    0.7845    0.7845    1.5764  632.7727  632.7727  594.5743
   57.6921   41.7095   41.7095  823.6749  823.6749  820.2952
   98.7663   96.1275   96.1275  245.1355  245.1355  249.0693
   46.5071   44.1864   44.1864   23.0309   23.0309 3369.0723
 3369.0723  586.5486  586.5486  588.8892   61.8235   61.8235
   72.0084   20.9841 1500.5105
            0.021213  0.021213  0.021213
    0.4478    0.4478    0.9059  634.1325  634.1325  610.9914
   46.8099   36.7100   36.7100  853.0916  853.0916  850.8422
   79.6677   77.7305   77.7305  233.2898  233.2898  235.0869
   48.1765   46.4720   46.4720   19.4402   19.4402 3467.7559
 3467.7559  605.9268  605.9268  607.2486   56.3307   56.3307
   62.2234   12.8030 1545.6650
            0.014142  0.014142  0.014142
    0.2011    0.2011    0.4090  634.7721  634.7721  623.9303
   37.8452   32.9339   32.9339  875.2500  875.2500  874.0953
   65.1435   64.0499   64.0499  224.2830  224.2830  224.8570
   49.4366   48.5445   48.5445   16.7957   16.7957 3539.9032
 3539.9032  620.2295  620.2295  620.8253   52.2946   52.2946
   54.9599    6.7499 1578.7459
            0.007071  0.007071  0.007071
    0.0506    0.0506    0.1032  635.0181  635.0181  632.2207
   31.8838   30.5839   30.5839  889.0215  889.0215  888.7037
   56.0610   55.7400   55.7400  218.5240  218.5240  218.6206
   50.2205   49.9765   49.9765   15.1758   15.1758 3583.8629
 3583.8629  629.0014  629.0014  629.1522   49.8268   49.8268
   50.4996    3.0306 1598.9322
            0.000000  0.000000  0.000000
    0.0000    0.0000    0.0000  635.0766  635.0766  635.0766
   29.7863   29.7863   29.7863  893.6932  893.6932  893.6932
   52.9706   52.9706   52.9706  216.5252  216.5252  216.5252
   50.4865   50.4865   50.4865   14.6302   14.6302 3598.6288
 3598.6288  631.9577  631.9577  631.9577   48.9964   48.9964
   48.9964    1.7760 1605.7179
            0.000000  0.014142  0.000000
    0.0549    0.0549    0.1631  634.4520  634.4520  632.3556
   31.5413   31.5413   31.2028  886.6643  886.6643  888.6582
   56.3839   56.3839   57.6012  219.1633  219.1633  219.4179
   50.0131   49.8665   49.8665   14.9861   15.7297 3580.2254
 3577.7459  627.9083  627.9083  628.4571   51.1280   50.0342
   50.0342    3.4468 1596.6811
            0.000000  0.028284  0.000000
    0.2210    0.2210    0.6446  632.4908  632.4908  624.4784
   36.5273   36.5273   35.4716  866.1850  866.1850  873.6982
   66.3754   66.3754   71.2460  227.0007  227.0007  228.0092
   48.6462   48.1272   48.1272   16.0574   18.9830 3526.0456
 3516.0251  615.9957  615.9958  618.1479   57.3924   53.0832
   53.0832    8.3764 1569.9269
            0.000000  0.042426  0.000000
    0.5020    0.5020    1.4212  628.9434  628.9434  612.2593
   43.9514   43.9513   42.6385  834.0088  834.0088  849.2667
   82.2182   82.2182   93.1990  239.8254  239.8254  242.0438
   46.5406   45.6049   45.6049   17.8529   24.2540 3439.0971
 3416.1904  596.8933  596.8933  601.5861   67.4075   57.9712
   57.9712   16.3288 1526.5023
            0.000000  0.056569  0.000000
    0.9029    0.9029    2.4552  623.4382  623.4381  596.9258
   52.6493   52.6493   52.7440  792.8189  792.8189  816.1704
  102.7743  102.7744  122.3951  257.3221  257.3221  261.1096
   43.9391   42.7855   42.7854   20.3778   31.3154 3282.5899
 3324.1239  571.6225  571.6226  579.6324   80.5681   64.4652
   64.4652   26.9506 1468.0846
            0.000000  0.070711  0.000000
    1.4276    1.4276    3.6963  615.5541  615.5540  579.9621
   61.3296   61.3296   65.7735  775.6084  745.8627  745.8628
  126.6117  126.6117  157.5560  279.0834  279.0834  284.6556
   41.1508   40.2203   40.2203   23.6223   39.8515 3120.9239
 3187.2306  541.4398  541.4398  553.3670   96.0943   72.3232
   72.3232   39.8178 1396.8854
            0.000000  0.084853  0.000000
    2.0773    2.0773    5.0846  604.9263  604.9261  562.9551
   68.8642   68.8642   81.5985  729.1721  696.4978  696.4978
  152.1405  152.1405  197.3569  304.6013  304.6013  312.0150
   38.5239   38.4510   38.4510   27.5486   49.4663 2937.8964
 3035.4077  507.7254  507.7254  523.9942  113.1018   81.3264
   81.3264   54.4819 1315.5277
            0.000000  0.098995  0.000000
    2.8481    2.8481    6.5540  591.3690  591.3689  547.4704
   74.5213   74.5213   99.9256  678.7805  647.7717  647.7717
  177.7371  177.7372  240.5830  333.2540  333.2540  342.4306
   36.4153   37.9552   37.9552   32.0798   59.7012 2740.8145
 2876.0007  471.8941  471.8942  492.7506  130.6872   91.2844
   91.2844   70.5065 1226.9041
            0.000000  0.113137  0.000000
    3.7300    3.7300    8.0371  574.9870  574.9869  534.9766
   78.0484   78.0484  120.2699  626.5466  602.1541  602.1541
  201.8426  201.8426  286.2478  364.2989  364.2989  375.0836
   35.1582   39.1177   39.1177   37.0936   70.0624 2537.1667
 2716.1710  435.3272  435.3272  460.8255  102.0193  102.0192
  148.0216   87.4891 1134.0252
            0.000000  0.127279  0.000000
    4.7058    4.7058    9.4694  556.2386  556.2384  526.8109
   79.6000   79.6000  141.9716  574.5913  561.4581  561.4582
  223.0431  223.0432  333.6534  396.8779  396.8779  409.1247
   35.0317   42.2215   42.2215   42.4239   80.0569 2334.2061
 2562.3957  399.3221  399.3222  429.2993  113.3387  113.3387
  164.4344  105.0704 1039.8671
            0.000000  0.141421  0.000000
    5.7524    5.7524   10.7949  535.9268  535.9266  524.1672
   79.5775   79.5775  164.2609  524.8404  526.9014  526.9015
  240.1467  240.1469  382.3870  430.0342  430.0342  443.7079
   36.2333   47.4495   47.4495   47.8714   89.2324 2138.5692
 2420.0510  365.0548  365.0548  399.0993  125.0112  125.0112
  179.4724  122.9352  947.2257
            0.000000  0.155563  0.000000
    6.8418    6.8418   11.9689  515.1217  515.1215  528.0797
   78.4674   78.4675  186.3627  478.8469  499.2151  499.2151
  252.2668  252.2669  432.2616  462.7402  462.7402  478.0253
   38.8589   54.8925   54.8925   53.2204   97.2166 1955.9515
 2293.1116  333.5493  333.5493  370.9712  136.7483  136.7483
  192.9233  140.8086  858.5865
            0.000000  0.169706  0.000000
    7.9444    7.9444   12.9616  495.0386  495.0385  539.3767
   76.7272   76.7273  207.6235  437.6814  478.7293  478.7293
  258.9152  258.9154  483.2165  493.9338  493.9338  511.3411
   42.8927   64.5574   64.5574   58.2616  103.7475 1790.8611
 2183.9865  305.6557  305.6557  345.4644  148.1983  148.1983
  204.8004  158.4545  776.0193
            0.000000  0.183848  0.000000
    9.0317    9.0317   13.7579  558.5905  476.9092  476.9091
   74.7289   74.7290  401.9153  227.6385  465.4091  465.4092
  260.0900  260.0901  535.1918  522.5603  522.5603  543.0224
   48.2093   76.3751   76.3751   62.8134  108.6921 1646.4616
 2093.4972  282.0335  282.0335  322.9281  158.9519  158.9519
  215.2976  175.6737  701.1036
            0.000000  0.197990  0.000000
   10.0797   10.0797   14.3564  585.8367  461.8736  461.8737
   72.7450   72.7451  371.6922  246.3669  458.8634  458.8634
  256.3230  256.3231  587.9783  547.6148  547.6148  572.5664
   54.5874   90.2070   90.2070   66.7421  112.0506 1524.5090
 2020.9927  263.1421  263.1421  303.5160  168.5607  168.5607
  224.7282  192.3041  634.8912
            0.000000  0.212132  0.000000
   11.0720   11.0720   14.7671  620.7022  450.9104  450.9105
   70.9577   70.9578  346.8497  264.2484  458.3689  458.3689
  248.6493  248.6492  641.0283  568.1847  568.1847  599.6232
   61.7339  105.8492  105.8492   69.9748  113.9475 1425.3772
 1964.5836  249.2338  249.2337  287.1998  176.5683  176.5683
  233.4591  208.2190  577.9076
            0.000000  0.226274  0.000000
   12.0018   12.0018   15.0080  662.1897  444.8021  444.8022
   69.4780   69.4781  327.0399  282.3688  462.9427  462.9427
  238.4747  238.4745  693.1829  583.4944  583.4944  624.0156
   69.3130  123.0351  123.0351   72.5072  114.6120 1348.1623
 1921.4674  240.3482  240.3481  273.7896  182.5545  182.5546
  241.8534  223.3231  530.1892
            0.000000  0.240416  0.000000
   12.8734   12.8734   15.1007  708.7402  444.1286  444.1287
   68.3662   68.3662  311.8171  471.4520  471.4521  302.7909
  227.3630  227.3629  742.2202  592.9574  592.9574  645.7544
   76.9776  141.4354  141.4354   74.4037  114.3517 1290.8489
 1888.3050  236.3077  236.3077  262.9605  186.1896  186.1896
  250.2234  237.5437  491.3503
            0.000000  0.254558  0.000000
   13.7033   13.7033   15.0680  758.3226  449.2726  449.2727
   67.6510   67.6510  300.6970  482.7251  482.7253  329.2742
  216.7949  216.7947  784.0272  596.2412  596.2411  665.0513
   84.3980  160.6596  160.6596   75.7896  113.5228 1250.5220
 1861.6056  236.7163  236.7162  254.2842  187.2893  187.2893
  258.7961  250.8194  460.6699
            0.000000  0.268701  0.000000
   14.5201   14.5201   14.9310  808.5584  460.4243  460.4244
   67.3438   67.3438  293.2031  495.6281  495.6283  368.6795
  811.1263  207.9583  207.9582  593.3330  593.3330  682.3264
   91.2866  180.2611  180.2611   76.8368  112.4991 1223.6027
 1838.0770  240.9712  240.9710  247.2623  185.8564  185.8565
  267.6893  263.0861  437.1869
            0.000000  0.282843  0.000000
   15.3643   15.3643   14.7072  856.8611  477.5720  477.5721
   67.4479   67.4480  288.9128  509.1042  509.1044  432.5365
  811.0917  201.6171  201.6170  584.5832  584.5831  698.2104
   97.4153  199.7535  199.7535   77.7427  111.6421 1206.0920
 1814.9100  248.2969  248.2967  241.3609  182.0913  182.0915
  276.8993  274.2642  419.7937
            0.000000  0.296985  0.000000
   16.2882   16.2882   14.4103  900.5798  500.4779  500.4780
   67.9629   67.9629  287.4992  522.1925  522.1927  533.4056
  770.2296  198.0755  198.0755  570.6927  570.6927  713.5378
  102.6266  218.6412  218.6412   78.7057  111.2735 1193.8078
 1789.9729  257.8050  257.8048  176.3634  176.3636  236.0422
  286.3015  284.2488  407.3199
            0.000000  0.311127  0.000000
   17.3547   17.3547   14.0503  937.1405  528.6414  528.6415
   68.8839   68.8839  288.7639  534.0502  534.0503  665.7070
  692.8369  197.2322  197.2321  552.6324  552.6323  729.3220
  106.8372  236.4657  236.4657   79.8983  111.6509 1182.6091
 1761.9067  268.5677  268.5675  169.1506  169.1508  230.7945
  295.6716  292.9068  398.6019
            0.000000  0.325269  0.000000
   18.6363   18.6363   13.6341  964.1801  561.2669  561.2670
   70.1994   70.1993  292.6565  543.9856  543.9857  794.5172
  612.5221  198.6925  198.6924  531.5050  531.5050  746.6955
  110.0341  252.8646  252.8646   81.4435  112.9490 1168.6176
 1730.1253  279.6852  279.6849  160.9701  160.9700  225.1583
  304.7253  300.0803  392.5353
            0.000000  0.339411  0.000000
   20.2118   20.2118   13.1666  979.6649  597.2567  597.2567
   71.8860   71.8860  299.2794  551.4971  551.4972  890.5712
  201.8969  201.8969  557.3315  508.3880  508.3880  766.7843
  112.2668  267.6315  267.6316   83.3959  115.2457 1148.4570
 1694.7376  290.3228  290.3226  152.3264  152.3262  218.7509
  313.1694  305.5985  388.1122
            0.000000  0.353553  0.000000
   22.1608   22.1608   12.6521  981.9894  635.2473  635.2473
   73.9039   73.9038  308.8741  556.3008  556.3008  950.2426
  206.2316  206.2316  529.8883  484.1957  484.1957  790.4875
  113.6328  280.7644  280.7645   85.7325  118.5161 1119.5433
 1656.4203  299.7052  299.7050  143.7014  143.7012  211.2908
  320.7520  309.2948  384.4453
            0.000000  0.367696  0.000000
   24.5526   24.5527   12.0948  970.0613  673.6983  673.6984
   76.1907   76.1906  321.7820  558.3351  558.3351  980.1138
  211.1033  211.1033  522.9194  818.1504  459.5894  459.5894
  114.2625  292.4886  292.4887   88.3540  122.6336 1080.4347
 1616.2728  307.0572  307.0570  135.6001  135.6000  202.6215
  311.0272  327.2945  380.7813
            0.000000  0.381838  0.000000
   27.4277   27.4278   11.5003  943.3826  711.0256  711.0256
   78.6584   78.6583  338.3646  557.7383  557.7384  986.3859
  215.9816  215.9816  529.9075  849.1967  434.9437  434.9438
  114.3015  303.2491  303.2492   91.0979  127.3807 1031.1860
 1575.6758  311.4725  311.4724  128.6800  128.6799  192.7366
  310.6983  332.6985  376.5076
            0.000000  0.395980  0.000000
   30.7695   30.7695   10.8753  745.7574  745.7574  902.1483
   81.1941   81.1940  358.8679  554.8067  554.8067  973.4159
  220.4191  220.4191  546.5769  881.8894  410.3596  410.3598
  113.8939  313.6745  313.6747   93.7617  132.4682  973.5396
 1536.1662  311.6430  311.6429  124.0316  124.0315  181.8026
  308.2722  336.9317  371.1557
            0.000000  0.410122  0.000000
   34.4677   34.4677   10.2283  776.6867  776.6867  847.3787
   83.6673   83.6674  383.2173  549.9437  549.9437  944.5235
  224.0614  224.0614  570.0686  913.4540  385.7087  385.7089
  113.1696  324.5219  324.5221   96.1334  137.5625  910.7319
 1499.3282  305.2985  305.2984  123.7595  123.7595  170.1781
  303.7844  340.0017  364.4041
            0.000000  0.424264  0.000000
   38.2830   38.2830    9.5692  802.9906  802.9906  781.0707
   85.9482   85.9482  410.7659  543.6121  543.6121  902.7374
  226.6557  226.6557  598.1407  940.6628  112.2346  360.6957
  360.6959  336.6093  336.6095   98.0242  142.3179  846.8218
 1466.6946  288.3099  288.3098  131.9074  131.9073  158.4228
  297.3458  341.9296  356.0851
            0.000000  0.438406  0.000000
   41.8320   41.8320    8.9088  824.2869  824.2868  706.2884
   87.9315   87.9315  536.2933  536.2932  440.0863  851.1946
  228.0588  228.0588  628.6883  111.1702  960.6774  334.9463
  334.9465  350.7273  350.7276   99.2975  146.4126  785.7543
 1439.6557  255.3019  255.3022  153.8722  153.8720  147.2920
  289.1379  342.7332  346.1943
            0.000000  0.452548  0.000000
   44.6201   44.6201    8.2585  840.6051  840.6050  627.0339
   89.5665   89.5665  528.4570  528.4570  468.9734  793.2577
  228.2448  228.2449  659.5334  110.0375  971.7357  308.1582
  308.1585  367.4887  367.4890   99.8894  149.5820  730.5760
 1419.3740  208.2964  208.2968  187.7851  187.7848  137.7132
  279.4044  342.4188  334.9027
            0.000000  0.466690  0.000000
   46.1399   46.1399    7.6294  852.2592  852.2592  547.7586
   90.8820   90.8820  520.5424  520.5423  494.8104  732.4179
  227.3079  227.3080  108.8879  688.4277  973.3957  280.3928
  280.3931  387.0412  387.0415   99.8180  151.6483  683.0995
 1406.7074  163.9179  163.9181  217.3150  217.3148  130.7399
  268.4369  340.9814  322.5663
            0.000000  0.480833  0.000000
   46.0193   46.0193    7.0321  859.6499  859.6498  472.5705
   92.0042   92.0041  512.9478  512.9478  515.2489  672.0499
  225.4570  225.4570  107.7766  966.3569  252.5431  252.5433
  713.2169   99.1798  408.6074  408.6076  152.5406  643.9962
 1402.1478  133.8065  133.8065  231.2509  231.2509  127.4826
  256.5600  338.4108  309.7237
            0.000000  0.494975  0.000000
   44.1590   44.1589    6.4759  863.0640  863.0639  404.4660
   93.1630   93.1629  506.0282  506.0281  528.8869  222.9998
  222.9999  615.1033  106.7731  226.7282  226.7284  952.0787
  732.0852   98.1364  430.1031  430.1033  152.3037  613.1044
 1405.7872  116.3136  116.3136  231.7834  231.7835  129.0201
  244.1161  334.6997  297.0764
            0.000000  0.509117  0.000000
   40.7840   40.7840    5.9684  862.5569  862.5568  344.9604
   94.6902   94.6901  500.0936  500.0936  535.5718  220.3159
  220.3159  563.8317  105.9672  205.8759  205.8761  932.3961
  743.7742   96.8930  448.5720  448.5721  151.0933  589.7505
 1417.3223  107.0151  107.0151  223.9507  223.9507  136.2974
  231.4508  329.8545  285.4425
            0.000000  0.523259  0.000000
   36.3746   36.3746    5.5155  857.9586  857.9585  294.2259
   97.0118   97.0118  495.4070  495.4070  536.2255  217.8182
  217.8182  519.6473  105.4665  192.1367  192.1368  909.2295
   95.6733  461.7921  461.7923  747.6762  149.1575  572.9912
 1436.1170  102.9466  102.9465  211.3489  211.3490  150.0190
  218.8992  323.9080  275.6845
            0.000000  0.537401  0.000000
   31.5104   31.5104    5.1211  848.9752  848.9751  251.5394
  100.6402  100.6401  492.1771  492.1770  215.9069  215.9069
  532.3887  483.1299  105.3859  185.5297  185.5298   94.6940
  884.3968  469.6479  469.6480  743.7608  146.8060  561.7667
 1461.3264  102.3910  102.3909  196.2843  196.2843  170.5510
  206.7722  316.9301  268.6180
            0.000000  0.551543  0.000000
   26.7111   26.7111    4.7870  835.3075  835.3074  215.7650
  106.1654  106.1653  490.5480  490.5479  214.9190  214.9191
  454.1634  525.7547  105.8313  184.3607  184.3608   94.1405
  859.4988  473.7272  473.7273  144.3677  732.3553  554.9943
 1492.0758  104.2717  104.2717  180.3208  180.3209  197.8450
  195.3419  309.0352  264.9141
            0.000000  0.565685  0.000000
   22.3407   22.3407    4.5128  816.7255  816.7254  185.7089
  114.2464  114.2463  490.5883  490.5882  215.0805  215.0805
  432.1355  517.8531  106.8803  186.5884  186.5885   94.1474
  835.8525  142.1417  475.9563  475.9563  713.8619  551.6297
 1527.6663  107.8108  107.8108  164.5758  164.5758  231.3954
  184.8264  300.3809  265.0114
            0.000000  0.579828  0.000000
   18.5883   18.5883    4.2962  793.0840  793.0839  160.3165
  125.5991  125.5990  492.2815  492.2815  216.4661  216.4662
  416.1405  509.9070  108.5633  190.6638  190.6639   94.7838
  140.3427  814.4499  477.7501  477.7502  688.4914  550.7150
 1567.7621  112.3749  112.3749  149.8466  149.8466  270.2360
  175.3759  291.1571  269.0537
            0.000000  0.593970  0.000000
   15.5038   15.5038    4.1328  764.3056  764.3055  138.7506
  140.9735  140.9735  495.5212  495.5211  218.9779  218.9778
  405.1456  502.8252  110.8501  195.6311  195.6311   96.0465
  139.0411  479.8869  479.8869  795.9410  656.0817  551.4172
  117.4180  117.4180 1612.5201  136.6680  136.6680  312.9764
  167.0654  281.5673  276.8621
            0.000000  0.608112  0.000000
   13.0492   13.0492    4.0168  730.3639  730.3638  120.3988
  161.1186  161.1186  500.1091  500.1091  222.3472  222.3472
  398.1104  497.2860  113.6433  200.9275  200.9276   97.8594
  138.0913  482.6768  482.6768  780.6398  616.0391  553.0547
  122.4724  122.4724 1662.6214  125.3480  125.3480  357.8741
  159.8986  271.8099  287.9439
            0.000000  0.622254  0.000000
   11.1447   11.1447    3.9410  691.2866  691.2865  104.8471
  186.7268  186.7267  505.7548  505.7548  226.1712  226.1712
  394.0598  493.8929  116.7813  206.1796  206.1797  100.0814
  137.0332  486.1384  486.1384  768.5581  567.4436  555.1065
  127.1620  127.1619 1719.1512  116.0030  116.0030  402.9302
  153.8251  262.0693  301.5304
            0.000000  0.636396  0.000000
    9.6998    9.6998    3.8970  647.1868  647.1867   91.8401
  218.3560  218.3559  512.0723  512.0723  229.9822  229.9822
  392.1251  120.0502  493.4079  102.5203  211.0837  211.0838
  134.9385  490.1070  490.1070  759.4658  509.4199  557.2025
  131.2198  131.2198 1783.2134  108.5963  108.5963  446.0043
  148.7692  252.5339  316.6253
            0.000000  0.650538  0.000000
    8.6307    8.6307    3.8764  598.3443  598.3442   81.2404
  256.3058  256.3057  518.5741  518.5741  233.3461  233.3461
  391.5628  123.2036  497.0823  104.9527  215.3695  215.3695
  130.1750  494.2880  494.2881  752.9685  442.0112  559.1008
  134.4973  134.4973 1855.0343  102.9821  102.9821  484.9405
  144.6605  243.4497  332.0452
            0.000000  0.664680  0.000000
    7.8681    7.8681    3.8707  545.4701  545.4701   72.9910
  300.3214  300.3213  524.6734  524.6734  235.9617  235.9617
  391.7617  125.9881  507.0001  107.1478  218.8174  218.8174
  120.1623  498.2861  498.2861  748.5940  367.9283  560.6572
  136.9532  136.9532 1932.1839   98.9519   98.9519  517.7030
  141.4562  235.2066  346.4424
            0.000000  0.678823  0.000000
    7.3593    7.3593    3.8727  490.7881  490.7881  348.4967
  348.4966   67.0823  529.7156  529.7156  237.7205  237.7204
  392.2452  128.1700  525.6680  108.8921  221.2937  221.2937
  101.8813  501.6403  501.6403  745.8738  295.2334  561.7966
  138.6244  138.6244 2006.8584   96.2802   96.2801  542.5149
  139.1469  228.4104  358.3400
            0.000000  0.692965  0.000000
    7.0680    7.0680    3.8764  442.1716  442.1716  393.1486
  393.1486   63.5268  533.0642  533.0642  238.6859  238.6859
  392.6722  129.5609  551.2865  110.0136  222.7616  222.7616
   76.6923  503.8911  503.8911  744.4158  239.1011  562.4866
  139.5832  139.5832 2064.0899   94.7682   94.7682  557.9913
  137.7474  223.8425  366.2647
            0.000000  0.707107  0.000000
    6.9732    6.9732    3.8781  420.3557  420.3557  413.6342
  413.6342   62.3395  534.2404  534.2404  238.9867  238.9867
  392.8374  130.0387  565.8714  110.4003  223.2447  223.2447
   62.2850  504.6859  504.6859  743.9601  217.5261  562.7172
  139.8944  139.8944 2086.0162   94.2803   94.2803  563.2510
  137.2779  222.2204  369.0566
            0.007071  0.707107  0.000000
    6.9633    6.9738    3.8833  420.5687  420.0959  412.8524
  414.0846   63.5657  534.3755  534.1722  239.1299  239.3820
  392.9769  129.9684  566.6118  110.5849  214.6291  223.0992
   70.7152  509.7220  503.4291  738.9859  217.3367  561.3228
  139.6819  140.9542 2079.3014   94.9214   99.3457  562.0826
  137.3109  222.3171  368.9656
            0.014142  0.707107  0.000000
    6.9336    6.9754    3.8988  421.2074  419.3159  410.6160
  415.4334   67.1366  534.7708  533.9629  239.5593  240.5678
  393.3961  129.7580  568.0883  111.7123  197.9808  222.6650
   86.8114  522.6160  499.8331  726.2690  216.8847  557.1220
  139.0501  144.0490 2059.6173   96.8222  114.0959  558.6077
  137.4101  222.6060  368.6916
            0.021213  0.707107  0.000000
    6.8850    6.9782    3.9245  422.2713  418.0137  407.2168
  417.6731   72.7629  535.3971  533.5992  240.2749  242.5444
  394.0956  129.4095  568.9362  114.7202  182.7921  221.9498
  101.0921  539.0105  494.3359  710.1422  216.5750  549.9874
 2028.2553  138.0148  148.9425   99.9169  137.2820  552.9144
  137.5762  223.0836  368.2319
            0.028284  0.707107  0.000000
    6.8184    6.9820    3.9602  423.7592  416.1867  403.0446
  420.7906   80.0590  536.2074  533.0594  241.2763  245.3123
  395.0742  128.9257  568.4706  119.7908  170.7145  220.9660
  111.9239  555.5858  487.4579  693.8874  217.2998  539.4343
 1987.1029  136.6020  155.2944  104.1021  167.0859  545.1434
  137.8100  223.7440  367.5822
            0.035355  0.707107  0.000000
    6.7352    6.9869    4.0056  425.6700  413.8313  398.4951
  424.7661   88.6353  537.1384  532.3139  242.5625  248.8720
  396.3264  128.3111  566.8430  161.0569  126.3338  219.7318
  120.0218  570.7561  479.6628  679.0425  220.8709  524.1263
 1938.3422  134.8464  162.7196  109.2450  201.4195  535.4782
  138.1130  224.5789  366.7367
            0.042426  0.707107  0.000000
    6.6373    6.9926    4.0603  428.0027  410.9439  393.9043
  429.5722   98.1628  538.1141  531.3264  244.1314  253.2248
  397.8389  127.5712  564.4741  153.0537  133.6044  218.2703
  126.1806  584.0236  471.3059  666.0516  230.6883  501.1506
 1884.1678  132.7908  170.8424  115.1928  238.2043  524.1349
  138.4871  225.5776  365.6893
            0.049497  0.707107  0.000000
    6.5263    6.9992    4.1240  430.7560  407.5213  389.5213
  435.1722  108.4011  539.0494  530.0552  245.9794  258.3723
  399.5873  126.7132  561.6734  146.1811  141.0750  216.6107
  130.9569  595.3656  462.6419  654.8828  251.6734  466.0433
 1826.5786  130.4838  179.3328  121.7835  275.5762  511.3497
  138.9346  226.7271  364.4336
            0.056569  0.707107  0.000000
    6.4045    7.0064    4.1961  433.9292  403.5614  385.5095
  441.5180  119.1960  539.8534  528.4539  248.1006  264.3169
  401.5334  125.7452  558.5850  140.1080  148.4623  214.7875
  134.7182  604.9188  453.8526  645.3460  286.0155  417.0213
 1767.2612  127.9782  187.9254  128.8556  312.0001  497.3680
  139.4584  228.0116  362.9637
            0.063640  0.707107  0.000000
    6.2739    7.0139    4.2759  437.5212  399.0640  381.9643
  448.5484  130.4619  540.4351  526.4735  250.4870  271.0618
  403.6240  124.6763  555.2540  134.6252  155.6339  212.8404
  137.7111  612.8549  445.0713  637.2207  325.7524  362.3944
 1707.5514  125.3295  196.4223  136.2568  346.3049  482.4338
  140.0618  229.4132  361.2749
            0.070711  0.707107  0.000000
    6.1365    7.0215    4.3629  441.5312  394.0314  378.9346
  456.1871  142.1595  540.7073  524.0632  253.1274  278.6111
  405.7897  123.5162  551.6900  129.5986  162.5269  210.8143
  140.1083  619.3396  436.4004  630.2974  358.2364  315.1011
 1648.4493  122.5935  204.6858  143.8500  377.6662  466.7818
  140.7486  230.9113  359.3646
            0.077782  0.707107  0.000000
    5.9943    7.0286    4.4564  445.9573  388.4693  376.4433
  464.3404  154.2750  540.5918  521.1720  256.0075  286.9696
  407.9467  122.2747  547.9023  124.9404  169.1020  208.7585
  624.5242  142.0360  427.9211  624.3865  378.9064  279.9446
 1590.6632  119.8247  212.6281  151.5183  405.5602  450.6308
  141.5235  232.4830  357.2329
            0.084853  0.707107  0.000000
    5.8491    7.0348    4.5554  450.7967  382.3879  374.5035
  472.8956  166.8029  540.0240  517.7503  259.1100  296.1420
  409.9990  120.9616  543.9116  120.5920  175.3240  206.7260
  628.5456  143.5904  619.3159  419.6994  390.0564  254.8310
 1534.6637  117.0744  220.1985  159.1669  429.7074  434.1798
  142.3912  234.1029  354.8830
            0.091924  0.707107  0.000000
    5.7026    7.0394    4.6591  456.0440  375.8019  373.1302
  481.7195  179.7337  538.9574  513.7510  262.4144  306.1316
  411.8420  119.5856  539.7518  116.5137  181.1558  204.7727
  631.5297  144.8471  614.9283  411.7882  395.0562  236.5568
 1480.7369  114.3890  227.3731  166.7236  450.0174  417.6053
  143.3573  235.7437  352.3217
            0.098995  0.707107  0.000000
    5.5563    7.0417    4.7665  461.6905  368.7317  372.3491
  490.6578  193.0438  537.3668  509.1311  265.8974  316.9378
  413.3684  118.1544  535.4657  112.6789  186.5606  202.9562
  633.5925  145.8665  611.0777  404.2290  396.3467  222.8190
 1429.0305  111.8089  234.1452  174.1380  466.5410  401.0613
  144.4275  237.3757  349.5603
            0.106066  0.707107  0.000000
    5.4113    7.0407    4.8767  467.7225  361.2034  372.2025
  499.5348  206.6884  535.2513  503.8532  269.5336  328.5529
  414.4746  116.6742  531.0993  109.0700  191.5046  201.3350
  634.8408  146.6975  607.6288  397.0525  395.4377  212.2208
 1379.5917  109.3671  240.5190  181.3793  479.4295  384.6789
  145.6079  238.9677  346.6140
            0.113137  0.707107  0.000000
    5.2687    7.0357    4.9885  474.1204  353.2493  372.7537
  508.1542  220.5957  532.6363  497.8867  273.2964  340.9557
  415.0694  115.1497  526.6963  105.6758  195.9609  199.9673
  635.3715  147.3796  604.4573  390.2794  393.2327  203.9498
 1332.3968  107.0885  246.5046  188.4331  488.9036  368.5685
  146.9050  240.4868  343.5026
            0.120208  0.707107  0.000000
    5.1293    7.0254    5.1008  480.8568  344.9077  374.0902
  516.3008  234.6623  529.5744  491.2096  277.1583  354.1054
  415.0833  113.5838  522.2938  102.4901  198.9093  199.9128
  635.2711  147.9441  601.4521  383.9204  390.2742  197.5335
 1287.3736  104.9894  252.1148  195.2982  495.2287  352.8209
  148.3251  241.8993  340.2501
            0.127279  0.707107  0.000000
    4.9938    7.0089    5.2123  487.8951  336.2228  376.3267
  523.7431  248.7485  526.1451  483.8098  281.0928  367.9336
  414.4784  517.9186  111.9778   99.5096  198.2144  203.3557
  634.6149  148.4154  598.5171  386.8927  377.9773  192.6913
 1244.4182  103.0772  257.3633  201.9832  498.6958  337.5101
  149.8745  243.1707  336.8842
            0.134350  0.707107  0.000000
    4.8626    6.9850    5.3219  495.1892  379.6074  327.2437
  530.2366  262.6742  522.4539  475.6867  285.0751  382.3377
  413.2574  513.5857  110.3317   96.7338  197.9313  206.2976
  633.4660  148.8119  595.5734  383.2917  372.4441  189.2502
 1203.4077  101.3505  262.2636  208.5025  499.6079  322.6953
  151.5590  244.2666  333.4363
            0.141421  0.707107  0.000000
    4.7361    6.9527    5.4281  502.6819  384.1086  318.0242
  535.5271  276.2146  518.6308  466.8529  397.1768  289.0832
  411.4685  509.2971  108.6443   94.1628  198.1024  208.7595
  631.8760  149.1467  592.5611  379.5966  367.3077  187.0956
 1164.2097   99.7996  266.8287  214.8736  498.2691  308.4230
  153.3842  245.1533  329.9407
            0.148492  0.707107  0.000000
    4.6145    6.9109    5.5298  510.3056  390.0405  308.6212
  289.0974  539.3550  514.8281  457.3350  412.2740  293.0989
  409.2048  505.0428  106.9139   91.7976  198.7624  210.7743
  629.8855  149.4288  375.8848  589.4397  362.5502  186.1427
 1126.6895   98.4072  271.0712  221.1136  494.9769  294.7290
  155.3546  245.7984  326.4338
            0.155563  0.707107  0.000000
    4.4981    6.8586    5.6256  517.9824  397.6485  299.0935
  301.0000  541.4579  511.2188  447.1750  427.4252  297.1088
  406.5956  500.8023  105.1384   89.6382  199.9367  212.3849
  627.5252  149.6636  372.2034  586.1876  358.1494  186.3195
 1090.7164   97.1492  275.0035  227.2368  490.0159  281.6406
  157.4738  246.1717  322.9531
            0.162635  0.707107  0.000000
    4.3870    6.7948    5.7143  525.6254  407.2122  289.5007
  311.5500  541.5742  507.9953  436.4303  442.4149  301.1043
  403.7916  496.5471  103.3158   87.6834  201.6399  213.6426
  624.8182  149.8542  368.5815  582.8008  354.0813  187.5565
 1056.1675   95.9960  278.6380  233.2529  483.6543  269.1778
  159.7438  246.2455  319.5369
            0.169706  0.707107  0.000000
    4.2813    6.7189    5.7946  533.1408  419.0414  320.3297
  279.9014  539.4435  505.3689  425.1741  457.0345  305.0816
  400.9463  492.2441  101.4446   85.9300  203.8741  214.6046
  621.7822  150.0019  365.0373  579.2903  350.3213  189.7810
 1022.9319   94.9137  281.9876  239.1652  476.1412  257.3550
  162.1653  245.9960  316.2229
            0.176777  0.707107  0.000000
    4.1811    6.6301    5.8654  540.4303  433.4645  326.8884
  270.3522  534.8064  503.5711  413.4938  471.0997  309.0409
  398.1976  487.8596   99.5242   84.3724  206.6290  215.3319
  618.4313  150.1077  361.5842  575.6797  346.8453  192.9137
  990.9130   93.8657  285.0659  244.9698  467.7043  164.7368
  246.1818  245.4035  313.0475
            0.183848  0.707107  0.000000
    4.0867    6.5282    5.9257  547.3945  450.8079  330.7652
  260.9059  527.4027  502.8561  401.4898  484.4623  312.9856
  395.6562  483.3630   97.5546   83.0021  209.8806  215.8867
  614.7788  150.1724  358.2341  572.0021  343.6315  196.8677
  960.0301   92.8143  287.8867  250.6555  458.5501  167.4548
  235.6644  244.4533  310.0446
            0.190919  0.707107  0.000000
    3.9983    6.4130    5.9745  553.9361  471.3601  331.5274
  251.6108  516.9658  503.5059  389.2725  497.0144  316.9208
  393.3996  478.7313   95.5373   81.8076  213.5920  216.3302
  610.8389  150.1976  354.9995  568.2973  340.6606  201.5487
  930.2193   91.7222  290.4649  256.2041  448.8634  170.3132
  225.8059  243.1360  307.2452
            0.197990  0.707107  0.000000
    3.9159    6.2845    6.0111  559.9634  495.3186  328.8275
  242.5099  503.2168  505.8361  376.9590  508.6857  320.8524
  391.4739  473.9522   93.4746   80.7748  217.7141  216.7208
  606.6283  150.1865  351.8947  564.6097  337.9166  206.8559
  901.4333   90.5541  292.8156  261.5912  438.8084  173.3034
  216.6072  241.4480  304.6762
            0.205061  0.707107  0.000000
    3.8401    6.1431    6.0349  565.3943  522.7212  322.4757
  233.6402  485.8564  510.2032  364.6695  519.4369  324.7862
  389.8992  469.0269   91.3700   79.8870  222.1876  217.1116
  602.1678  150.1435  348.9363  560.9860  335.3868  212.6835
  873.6404   89.2783  294.9544  266.7880  428.5294  176.4139
  208.0671  239.3915  302.3602
            0.212132  0.707107  0.000000
    3.7709    5.9894    6.0454  570.1596  553.3709  312.5197
  225.0322  464.5592  517.0097  352.5227  529.2512  328.7286
  388.6772  463.9706   89.2282   79.1259  226.9448  217.5495
  597.4830  150.0749  346.1422  557.4748  333.0611  218.9230
  846.8223   87.8681  296.8966  271.7631  418.1529  179.6304
  200.1829  236.9751  300.3142
            0.219203  0.707107  0.000000
    3.7089    5.8242    6.0424  574.2054  586.7789  299.3058
  216.7104  438.9748  526.7015  340.6321  538.1268  332.6877
  387.7974  458.8125   87.0548   78.4715  231.9123  218.0729
  592.6049  343.5312  149.9886  554.1253  330.9322  225.4653
  820.9721   86.3030  298.6576  276.4846  407.7887  182.9357
  192.9498  234.2131  298.5501
            0.226274  0.707107  0.000000
    3.6544    5.6488    6.0259  577.4959  622.1543  283.4929
  208.6927  408.7495  539.7447  329.1020  546.0709  336.6755
  387.2424  453.5936   84.8562   77.9036  237.0142  218.7113
  587.5707  341.1209  149.8939  550.9873  328.9941  232.2032
  796.0904   84.5695  300.2523  280.9225  397.5322  186.3099
  186.3613  231.1254  297.0737
            0.233345  0.707107  0.000000
    3.6078    5.4644    5.9960  580.0148  658.4676  265.9923
  200.9914  373.5916  556.5590  318.0251  340.7112  553.0969
  386.9912  448.3641   82.6402   77.4022  242.1750  219.4836
  582.4228  338.9266  149.8008  548.1121  327.2416  239.0334
  772.1824   82.6623  301.6948  285.0506  387.4663  189.7305
  180.4088  227.7373  295.8849
            0.240416  0.707107  0.000000
    3.5696    5.2729    5.9529  581.7659  694.5841  247.8363
  193.6130  333.4213  577.3657  307.4796  344.8242  559.2228
  387.0205  443.1796   80.4154   76.9486  247.3226  220.3975
  577.2093  336.9597  149.7198  545.5524  325.6692  245.8585
  749.2538   80.5840  302.9982  288.8486  377.6625  193.1723
  175.0816  224.0787  294.9775
            0.247487  0.707107  0.000000
    3.5400    5.0760    5.8974  582.7733  729.4316  230.0119
  186.5590  288.6580  601.8983  297.5290  349.0563  564.4716
  387.3051  438.0984   78.1919   76.5257  252.3908  221.4487
  571.9826  335.2263  149.6609  543.3641  324.2707  727.3071
  252.5891   78.3459  304.1747  292.3033  368.1836  196.6085
  170.3665  220.1839  294.3400
            0.254558  0.707107  0.000000
    3.5197    4.8759    5.8299  583.0804  762.1434  213.3172
  179.8261  240.6613  628.9596  288.2210  353.4642  568.8724
  387.8177  433.1795   75.9812   76.1191  257.3223  222.6202
  566.7983  333.7257  149.6332  541.6065  323.0381  706.3378
  259.1450   75.9674  305.2352  295.4092  359.0845  200.0103
  166.2482  216.0901  293.9550
            0.261630  0.707107  0.000000
    3.5088    4.6747    5.7514  582.7483  792.1360  198.2841
  173.4061  192.1789  655.9715  279.5889  358.1195  572.4626
  388.5287  428.4818   73.7963   75.7173  262.0705  223.8809
  561.7142  332.4495  149.6440  540.3449  686.3312  321.9613
  265.4564   73.4756  306.1896  298.1687  350.4137  203.3481
  162.7093  211.8376  293.8005
            0.268701  0.707107  0.000000
    3.5077    4.4749    5.6628  581.8540  819.1095  185.1753
  167.2868  147.3324  271.6526  678.9870  363.1083  575.2890
  389.4053   71.6522  424.0655   75.3123  266.6024  225.1840
  556.7882  331.3802  149.6981  539.6512  667.2590  321.0277
  271.4643   70.9045  307.0465  300.5916  342.2145  206.5913
  159.7309  207.4683  293.8501
            0.275772  0.707107  0.000000
    3.5167    4.2789    5.5652  580.4870  842.9962  174.0344
  161.4514  110.5687  264.4203  693.7361  368.5300  577.4089
  390.4121   69.5658  419.9948   74.8997  270.9008  226.4646
  552.0766  330.4892  149.7977  539.6068  649.0759  320.2220
  277.1210   68.2936  307.8133  302.6939  209.7094  334.5261
  157.2930  203.0252  294.0740
            0.282843  0.707107  0.000000
    3.5358    4.0892    5.4598  578.7468  863.8878  164.7566
  155.8787   84.8040  257.8910  697.4801  374.4946  578.8913
  391.5109   67.5559  416.3452   74.4785  274.9675  227.6342
  547.6323  329.7344  149.9417  540.3054  631.7161  319.5260
  282.3902   65.6873  308.4964  304.4966  212.6724  327.3836
  155.3755  198.5520  294.4394
            0.289914  0.707107  0.000000
    3.5652    3.9083    5.3478  576.7391  881.9664  157.1547
  150.5429   70.2005  252.0564  690.2321  381.1201  579.8158
  392.6619   65.6427  413.2130   74.0516  278.8288  228.5723
  543.5031  329.0558  150.1257  541.8572  615.0891  318.9185
  287.2466   63.1328  309.1010  306.0242  215.4511  320.8195
  153.9582  194.0919  294.9120
            0.296985  0.707107  0.000000
    3.6049    3.7386    5.2304  574.5728  897.4523  151.0099
  145.4129   64.6439  246.9030  674.2770  388.5296  580.2714
  393.8243   63.8480  410.7348   73.6250  282.5432  229.1102
  539.7307  328.3672  150.3421  544.3961  599.0735  318.3756
  291.6752   60.6788  309.6316  307.3027  218.0178  314.8629
  153.0222  189.6873  295.4564
            0.304056  0.707107  0.000000
    3.6546    3.5825    5.1091  572.3559  910.5692  146.1043
  140.4526   65.2119  242.4140  652.7017  396.8484  580.3540
  394.9579   62.1942  409.1199   73.2072  286.2157  228.9996
  536.3493  327.5429  150.5806  548.0881  583.5084  317.8703
  295.6706   58.3742  310.0917  308.3589  220.3469  309.5407
  152.5495  185.3793  296.0374
            0.311127  0.707107  0.000000
    3.7143    3.4423    4.9850  570.1927  921.5245  142.2389
  135.6198   69.3316  238.5712  628.2340  406.2011  580.1632
  396.0241   60.7039   72.8092  408.7157  290.0250  227.8502
  533.3858  326.3900  150.8286  553.1445  568.1827  317.3732
  299.2363   56.2662  310.4837  309.2185  222.4150  304.8768
  152.5235  181.2071  296.6211
            0.318198  0.707107  0.000000
    3.7835    3.3199    4.8596  568.1802  930.4991  139.2422
  130.8659   75.1958  235.3563  602.8258  416.7089  579.7980
  396.9880   59.3989   72.4431  410.1440  294.2763  224.9948
  530.8594  324.5957  151.0721  559.8308  552.8263  316.8524
  302.3835   54.3990  310.8094  309.9057  224.2011  300.8926
  152.9285  177.2075  297.1755
            0.325269  0.707107  0.000000
    3.8619    4.7340    3.2172  937.6442  566.4057  136.9726
  126.1359   81.7040  232.7522  577.7093  428.4873  579.3521
  397.8185   58.2997   72.1214  414.6112  299.5176  219.1812
  528.7832  321.6112  151.2965  568.4501  537.1293  316.2738
  305.1302   52.8124  311.0695  310.4425  225.6874  297.6066
  153.7499  173.4150  297.6719
            0.332340  0.707107  0.000000
    3.9489    4.6096    3.1357  943.0805  564.9439  135.3183
  121.3682   88.2573  230.7436  553.6003  441.6440  578.9096
  398.4903   57.4243   71.8564  424.5877  306.8153  207.8939
  527.1647  316.3752  151.4881  579.2023  520.8837  315.6018
  307.5000   51.5409  311.2637  310.8481  226.8591  295.0343
  154.9733  169.8613  298.0853
            0.339411  0.707107  0.000000
    4.0439    4.4875    3.0765  946.8999  563.8552  134.1947
  116.4953   94.5697  229.3182  530.8857  456.2760  578.5405
  398.9839   56.7877   71.6587  443.8452  318.5025  187.3180
  526.0076  306.5659  151.6345  591.6295  504.5393  314.7990
  309.5212   50.6121  311.3906  311.1389  227.7043  293.1880
  156.5842  166.5751  298.3956
            0.346482  0.707107  0.000000
    4.1461    4.3688    3.0407  949.1663  563.1839  133.5435
  111.4455  100.5356  228.4667  509.7546  472.4664  578.2973
  399.2853   56.4012   71.5365  451.9902  340.4707  177.8069
  525.3133  286.3090  151.7265  603.1886  490.6329  313.8276
  311.2260   50.0465  311.4470  311.3288  228.2149  292.0766
  158.5674  163.5823  298.5879
            0.353553  0.707107  0.000000
    4.2547    4.2547    3.0286  949.9176  562.9572  133.3302
  106.1469  106.1471  228.1836  490.2801  490.2801  578.2126
  399.3867   56.2715   71.4952  387.9225  387.9227  240.4242
  240.4240  525.0818  151.7578  608.2879  484.7516  312.6492
  312.6493   49.8566  311.4285  311.4286  228.3856  291.7055
  160.9062  160.9062  298.6530
            0.357089  0.703571  0.000000
    4.1949    4.3130    3.0446  949.9071  562.9389  133.4146
  108.8526  103.3920  228.1288  499.9923  481.2391  578.1670
  399.3471   56.3306   71.5328  428.4757  359.5537  210.2141
  515.7934  267.9320  151.7906  606.9968  485.7526  313.8624
  311.9139   50.4575  310.8675  311.3389  228.3167  291.9486
  159.7080  162.2313  298.6404
            0.360624  0.700036  0.000000
    4.1334    4.3764    3.0869  949.9176  562.8825  133.6446
  111.5329  100.5833  227.9451  510.4922  472.7612  578.0294
  399.2183   56.5035   71.6562  456.3651  340.2356  176.9575
  522.8149  286.1609  151.8878  603.8377  487.9657  311.0043
  316.2974   52.2002  309.1956  311.1365  228.1180  292.6747
  158.6229  163.6879  298.6108
            0.364160  0.696500  0.000000
    4.0776    4.4448    3.1490  950.0065  562.7852  133.9902
  114.2013   97.7391  227.6129  521.7724  464.8529  577.7973
  398.9851   56.7841   71.8791  459.3935  326.8931  178.5144
  520.4743  298.1731  152.0479  599.8528  490.2763  309.9241
  320.0472   54.9382  306.5722  310.8346  227.8017  293.8753
  157.6504  165.2639  298.5765
            0.367696  0.692965  0.000000
    4.0323    4.5181    3.2270  950.2237  562.6429  134.4264
  116.8711   94.8793  227.1344  533.8007  457.5207  577.4661
  398.6325   57.1669   72.2109  454.1097  317.1873  193.8710
  513.2280  306.2990  152.2691  595.8485  491.8775  308.6776
  325.1319   58.4721  303.2088  310.4472  227.3800  295.5359
  156.7912  166.9479  298.5490
            0.371231  0.689429  0.000000
    4.0009    4.5961    3.3184  950.6116  562.4510  134.9333
  119.5552   92.0250  226.5470  546.5061  450.7705  577.0290
  398.1457   57.6467   72.6551  448.5445  309.7104  211.0675
  504.9970  311.9449  152.5495  592.3354  492.3410  307.2703
  331.4876   62.5811  299.3371  309.9884  226.8654  297.6365
  156.0478  168.7289  298.5391
            0.374767  0.685894  0.000000
    3.9855    4.6789    3.4215  951.2054  562.2037  135.4954
  122.2663   89.1979  225.9446  559.7588  444.6080  576.4775
  397.5104   58.2185   73.2085  444.3111  303.6359  226.6635
  497.6008  315.9425  152.8875  589.5854  491.5525  305.7082
  338.9735   67.0523  295.1792  309.4727  226.2702  300.1510
  155.4246  170.5966  298.5569
            0.378302  0.682358  0.000000
    3.9875    4.7662    3.5352  952.0340  561.8945  136.1009
  125.0166   86.4200  225.5069  573.3408  439.0377  575.8013
  396.7131   58.8778   73.8617  441.4444  298.4711  240.1050
  491.5520  318.7973  153.2813  587.7085  489.6125  303.9986
  347.3942   71.7016  290.9271  308.9147  225.6065  303.0475
  154.9278  172.5416  298.6116
            0.381838  0.678823  0.000000
    4.0081    4.8580    3.6589  953.1198  561.5161  136.7414
  127.8177   83.7148  225.5379  586.9062  434.0630  574.9886
  395.7415   59.6197   74.6000  439.7195  293.9163  251.6246
  486.8363  320.8274  153.7291  586.7129  486.7451  302.1494
  356.5302   76.3836  286.7326  308.3290  224.8864  306.2886
  154.5658  174.5549  298.7111
            0.385373  0.675287  0.000000
    4.0477    4.9542    3.7918  954.4797  561.0609  137.4111
  130.6809   81.1083  226.5107  599.9354  429.6852  574.0265
  394.5852   60.4398   75.4055  438.9207  289.7871  261.5983
  483.2872  322.2403  154.2295  586.5443  483.2300  300.1696
  366.1672   80.9927  282.7057  307.7302  224.1213  309.8310
  154.3491  176.6281  298.8625
            0.388909  0.671751  0.000000
    4.1067    5.0547    3.9334  956.1253  560.5207  138.1065
  133.6167   78.6325  229.1043  611.6945  425.9025  572.9012
  393.2361   61.3334   76.2587  438.8810  285.9691  270.3682
  480.7242  323.1756  154.7807  587.1103  479.3556  298.0691
  376.1168   85.4588  278.9193  307.1328  223.3227  313.6268
  154.2896  178.7535  299.0718
            0.392444  0.668216  0.000000
    4.1854    5.1592    4.0834  958.0633  559.8872  138.8258
  136.6352   76.3301  234.2012  621.2337  422.7101  571.5983
  391.6892   62.2962  439.4756   77.1399  278.2071  282.3920
  478.9935  323.7295  155.3812  588.2982  475.3904  295.8586
  386.2288   89.7408  275.4154  306.5513  222.5012  317.6228
  154.4008  180.9238  299.3439
            0.395980  0.664680  0.000000
    4.2835    5.2677    4.2413  960.2964  559.1519  139.5685
  139.7458   74.2617  242.7925  627.4742  420.0986  570.1036
  389.9428   63.3235  440.6108   78.0316  285.3228  279.0126
  477.9757  323.9706  156.0294  589.9876  471.5663  293.5501
  396.3933   93.8186  272.2132  305.9996  221.6672  321.7621
  154.6975  183.1323  299.6824
            0.399515  0.661145  0.000000
    4.4009    5.3800    4.4065  962.8229  558.3064  140.3350
  142.9571   72.5163  255.7456  629.4307  418.0537  568.4032
  387.9996   64.4110  442.2145   78.9186  291.8712  275.8045
  477.5815  323.9481  156.7237  592.0625  468.0700  291.1562
  406.5380   97.6874  269.3152  305.4915  220.8303  325.9842
  155.1948  185.3726  300.0903
            0.403051  0.657609  0.000000
    4.5372    5.4958    4.5787  965.6381  557.3428  141.1262
  146.2768   71.2262  273.4552  626.5449  416.5560  566.4838
  385.8667   65.5543  444.2291   79.7891  297.9683  272.7517
  477.7468  323.6987  157.4624  594.4198  465.0404  288.6906
  416.6215  101.3514  266.7127  305.0404  219.9994  330.2260
  155.9076  187.6385  300.5694
            0.406586  0.654074  0.000000
    4.6917    5.6149    4.7574  968.7339  556.2533  141.9434
  149.7119   70.5868  295.5321  618.9774  415.5806  564.3331
  383.5560   66.7490  446.6068   80.6348  303.7006  269.8440
  478.4270  323.2497  158.2438  596.9750  462.5689  286.1676
  426.6272  104.8207  264.3903  304.6595  219.1826  334.4228
  156.8502  189.9245  301.1204
            0.410122  0.650538  0.000000
    4.8638    4.9420    5.7372  972.1000  555.0312  142.7875
  153.2683   70.8833  320.7377  607.6465  415.0978  561.9401
  381.0839   67.9909  449.3061   81.4505  309.1324  267.0751
  479.5928  322.6221  159.0659  599.6643  460.7041  283.6023
  436.5557  108.1074  262.3288  304.3616  218.3871  338.5093
  158.0351  192.2248  301.7433
            0.413657  0.647003  0.000000
    5.0525    5.1321    5.8623  975.7237  553.6701  143.6594
  156.9506   72.5217  347.2344  593.9467  415.0734  559.2950
  378.4711   69.2755  452.2895   82.2339  314.3112  264.4405
  481.2269  321.8324  159.9267  602.4431  459.4588  281.0106
  446.4200  111.2244  260.5073  304.1590  217.6194  342.4205
  159.4724  194.5343  302.4371
            0.417193  0.643467  0.000000
    5.2570    5.3269    5.9899  979.5908  552.1650  144.5591
  160.7624   76.0593  372.9839  579.3201  415.4699  556.3895
  375.7415   70.5988  455.5213   82.9849  319.2719  261.9369
  483.3214  320.8936  160.8237  605.2826  458.8173  278.4085
  456.2409  114.1836  304.0639  258.9047  216.8849  346.0929
  161.1689  196.8477  303.2001
            0.420729  0.639932  0.000000
    5.4762    5.5261    6.1197  983.6860  550.5117  145.4859
  164.7059   82.2206  396.0605  564.9267  416.2480  553.2169
  372.9220   71.9564  458.9668   83.7052  324.0400  259.5614
  485.8757  319.8164  161.7546  608.1646  458.7442  275.8123
  466.0431  116.9956  304.0885  257.5007  216.1880  349.4652
  163.1276  199.1600  304.0299
            0.424264  0.636396  0.000000
    5.7087    5.7289    6.2514  987.9932  548.7072  146.4379
  168.7818   91.8701  414.8003  551.5230  417.3678  549.7715
  370.0410   73.3443  462.5906   84.3977  328.6335  257.3118
  488.8948  318.6099  162.7164  611.0773  459.1916  273.2387
  475.8532  119.6692  304.2447  256.2763  215.5325  352.4796
  165.3469  201.4662  304.9231
            0.427800  0.632861  0.000000
    5.9534    5.9348    6.3846  992.4964  546.7501  147.4124
  172.9893  105.9043  427.8710  539.5003  418.7907  546.0492
  367.1273  466.3560   74.7582   85.0660  333.0649  255.1860
  492.3877  317.2818  163.7061  614.0114  460.1043  270.7036
  485.6976  122.2111  304.5451  255.2140  355.0815  214.9210
  167.8206  203.7615  305.8761
            0.431335  0.629325  0.000000
    6.2089    6.1430    6.5190  997.1800  544.6402  148.4052
  177.3262  125.0351  434.3839  528.9883  420.4804  542.0469
  364.2096  470.2241   76.1942   85.7137  337.3425  253.1822
  496.3663  315.8393  164.7203  616.9580  461.4250  268.2232
  495.6009  124.6264  305.0024  254.2981  357.2209  214.3552
  170.5375  206.0411  306.8844
            0.434871  0.625790  0.000000
    6.4737    6.3528    6.6541 1002.0289  542.3788  149.4110
  181.7882  149.4988  434.0827  519.9579  422.4044  537.7629
  361.3152  474.1533   77.6482   86.3445  341.4712  251.2986
  500.8435  314.2889  165.7553  619.9069  463.0961  265.8126
  505.5848  126.9188  305.6307  253.5143  358.8516  213.8363
  173.4815  208.3000  307.9430
            0.438406  0.622254  0.000000
    6.7464    6.5637    6.7895 1007.0300  539.9688  150.4233
  186.3695  178.8206  427.5028  512.2972  424.5348  533.1963
  358.4699  478.0986   79.1161   86.9615  345.4539  249.5338
  505.8324  312.6372  166.8072  622.8470  465.0624  263.4861
  515.6674  129.0906  306.4451  252.8500  359.9320  213.3644
  176.6322  210.5336  309.0465
            0.441942  0.618718  0.000000
    7.0254    6.7747    6.9249 1012.1717  537.4147  151.4348
  191.0627  211.8032  415.9330  505.8602  426.8491  528.3472
  355.6973  482.0113   80.5939   87.5672  349.2916  247.8861
  511.3447  310.8906  167.8716  625.7664  467.2712  261.2571
  525.8620  131.1433  307.4630  252.2940  360.4242  212.9391
  179.9650  212.7370  310.1892
            0.445477  0.615183  0.000000
    7.3091    6.9853    7.0596 1017.4449  534.7228  152.4375
  195.8582  246.8001  401.1150  500.4944  429.3305  523.2166
  353.0190  485.8386   82.0778   88.1635  352.9843  246.3540
  517.3898  309.0561  168.9439  628.6532  469.6729  259.1376
  536.1762  133.0781  308.7045  251.8360  360.2937  212.5594
  183.4522  214.9054  311.3647
            0.449013  0.611647  0.000000
    7.5960    7.1947    7.1934 1022.8433  531.9007  153.4234
  200.7448  282.1320  384.8121  496.0548  431.9680  517.8061
  350.4544  489.5232   83.5639   88.7511  356.5317  244.9361
  523.9741  307.1410  170.0193  631.4970  472.2213  257.1382
  546.6115  134.8956  310.1932  251.4670  359.5092  212.2236
  187.0635  217.0340  312.5666
            0.452548  0.608112  0.000000
    7.8845    7.4021    7.3256 1028.3638  528.9582  154.3851
  205.7092  316.4243  368.4651  492.4096  434.7563  512.1180
  348.0207  493.0033   85.0485   89.3300  359.9330  243.6303
  531.0999  305.1534  171.0924  634.2891  474.8730  255.2679
  557.1617  136.5968  311.9572  251.1784  358.0418  211.9298
  190.7669  219.1181  313.7882
            0.456084  0.604576  0.000000
    8.1729    7.6067    7.4559 1034.0071  525.9065  155.3166
  210.7365  348.7474  353.0491  489.4425  437.6958  506.1549
  345.7333  496.2128   86.5280   89.8991  363.1880  242.4348
  538.7659  303.1021  172.1579  637.0235  477.5876  253.5338
  567.8124  138.1826  314.0300  250.9627  355.8646  211.6754
  194.5297  221.1529  315.0224
            0.459619  0.601041  0.000000
    8.4598    7.8079    7.5838 1039.7774  522.7587  156.2144
  215.8094  378.5863  339.1038  487.0521  440.7922  499.9198
  343.6056  499.0809   87.9990   90.4561  366.2967  241.3470
  546.9668  300.9970  173.2100  639.6970  480.3273  251.9413
  578.5393  139.6547  316.4519  250.8125  352.9523  211.4578
  198.3190  223.1334  316.2621
            0.463155  0.597505  0.000000
    8.7435    8.0048    7.7089 1045.6831  519.5301  157.0789
  220.9090  405.7297  326.8441  485.1505  444.0558  493.4156
  341.6492  501.5331   89.4584   90.9981  369.2604  240.3641
  555.6939  298.8494  174.2425  642.3093  483.0569  250.4939
  589.3078  141.0152  319.2707  250.7209  349.2812  211.2741
  202.1027  225.0550  317.5001
            0.466690  0.593970  0.000000
    9.0226    8.1967    7.8306 1051.7365  516.2374  157.9152
  226.0141  430.1529  316.2787  483.6620  447.5018  486.6456
  339.8738  503.4911   90.9034   91.5208  372.0810  239.4826
  564.9362  296.6716  175.2491  644.8620  485.7439  249.1932
  600.0707  142.2667  322.5422  250.6811  344.8295  211.1213
  205.8497  226.9130  318.7291
            0.470226  0.590434  0.000000
    9.2955    8.3830    7.9485 1057.9535  512.8999  158.7350
  231.1013  451.9251  307.3030  482.5210  451.1487  479.6127
  338.2868  504.8741   92.3319   92.0190  374.7621  238.6988
  574.6807  294.4776  176.2230  647.3582  488.3581  248.0388
  610.7685  143.4125  326.3313  250.6869  339.5773  210.9963
  209.5308  228.7025  319.9419
            0.473762  0.586899  0.000000
    9.5609    8.5628    8.0622 1064.3533  509.5387  159.5571
  236.1449  471.1504  299.7604  481.6710  455.0185  472.3200
  336.8933  505.5992   93.7421   92.4865  377.3085  238.0082
  584.9140  292.2832  177.1569  649.8017  490.8723  247.0282
  621.3279  144.4564  330.7106  250.7317  333.5087  210.8959
  213.1188  230.4190  321.1313
            0.477297  0.583363  0.000000
    9.8173    8.7355    8.1713 1070.9571  506.1776  160.4071
  241.1168  487.9336  293.4786  481.0626  459.1355  464.7707
  335.6955  505.5832   95.1334   92.9156  379.7268  237.4057
  595.6221  290.1057  178.0431  652.1955  493.2620  246.1575
  631.6625  145.4029  335.7590  250.8095  326.6124  210.8172
  216.5887  232.0580  322.2900
            0.480833  0.579828  0.000000
   10.0636    8.9004    8.2753 1077.7865  502.8428  161.3166
  245.9864  502.3662  288.2889  480.6532  463.5253  456.9690
  334.6923  504.7441   96.5061   93.2975  382.0252  236.8860
  606.7914  287.9644  178.8734  654.5411  495.5058  245.4205
  641.6737  146.2567  341.5584  250.9143  318.8853  210.7571
  219.9179  233.6149  323.4113
            0.484368  0.576292  0.000000
   10.2983    9.0570    8.3739 1084.8609  499.5632  162.3191
  250.7203  514.5236  284.0353  480.4056  468.2130  448.9207
  333.8792  503.0033   97.8622   93.6216  384.2137  236.4429
  618.4073  285.8806  179.6387  656.8378  497.5859  244.8096
  651.2537  147.0228  348.1867  251.0401  310.3356  210.7130
  223.0864  235.0856  324.4882
            0.487904  0.572756  0.000000
   10.5205    9.2045    8.4667 1092.1941  496.3704  163.4441
  255.2822  524.4739  280.5779  480.2872  473.2212  440.6349
  333.2478  500.2897   99.2056   93.8754  386.3042  630.4529
  236.0702  283.8774  180.3294  659.0815  499.4881  244.3157
  660.2899  147.7064  355.7095  251.1814  300.9883  210.6821
  226.0763  236.4658  325.5143
            0.491439  0.569221  0.000000
   10.7290    9.3424    8.5534 1099.7889  493.2988  164.7081
  259.6335  532.2912  277.7932  480.2695  478.5667  432.1271
  332.7857  496.5440  100.5434   94.0435  388.3097  642.9049
  235.7611  281.9796  180.9352  661.2646  501.2024  243.9283
  668.6713  148.3128  364.1670  251.3327  290.8912  210.6621
  228.8723  237.7516  326.4833
            0.494975  0.565685  0.000000
   10.9227    9.4702    8.6336 1107.6306  490.3849  166.1053
  263.7331  538.0746  275.5730  480.3277  484.2556  423.4231
  332.4771  491.7264  101.8862   94.1068  390.2444  655.7279
  235.5090  280.2133  181.4457  663.3752  502.7231  243.6359
  676.2968  148.8471  373.5579  251.4889  280.1240  210.6507
  231.4609  238.9392  327.3893
            0.498510  0.562150  0.000000
   11.1008    9.5874    8.7071 1115.6785  487.6671  167.5987
  267.5386  541.9664  273.8231  480.4401  490.2765  414.5654
  332.3025  485.8282  103.2507   94.0410  392.1221  668.8644
  235.3069  278.6049  181.8505  665.3974  504.0491  243.4258
  683.0839  149.3144  383.8207  251.6453  268.8081  210.6460
  233.8310  240.0251  328.2269
            0.502046  0.558614  0.000000
   11.2624    9.6935    8.7735 1123.8559  485.1837  169.1187
  271.0076  544.1672  272.4619  480.5878  496.5911  405.6222
  332.2397  478.8873  104.6615   93.8139  393.9544  682.2203
  235.1480  277.1796  182.1407  667.3112  505.1836  243.2853
  688.9776  149.7191  394.8140  251.7974  257.1181  210.6461
  235.9728  241.0060  328.9907
            0.505581  0.555079  0.000000
   11.4068    9.7881    8.8328 1132.0395  482.9708  170.5696
  274.1001  544.9398  271.4187  480.7543  503.1220  396.6990
  332.2647  471.0117  106.1552   93.3820  395.7472  695.6456
  235.0257  275.9598  182.3107  669.0932  506.1341  243.2010
  693.9566  150.0658  406.2989  251.9412  245.2934  210.6497
  237.8786  241.8789  329.6762
            0.509117  0.551543  0.000000
   11.5333    9.8708    8.8845 1140.0509  481.0590  171.8484
  276.7820  544.6027  270.6329  480.9258  509.7376  387.9533
  332.3524  462.4085  107.7861   92.6847  397.4962  708.9088
  234.9338  274.9611  182.3608  670.7172  506.9119  243.1599
  698.0365  150.3581  417.9280  252.0732  233.6470  210.6552
  239.5416  242.6410  330.2792
            0.512652  0.548008  0.000000
   11.6413    9.9413    8.9286 1147.6515  479.4696  172.8702
  279.0289  543.5091  270.0530  481.0902  516.2378  379.6088
  332.4778  453.4163  109.6333   91.6373  399.1798  721.6704
  234.8666  274.1891  182.3006  672.1553  507.5312  243.1496
  701.2670  150.5997  429.2456  252.1902  222.5674  210.6617
  240.9568  243.2901  330.7958
            0.516188  0.544472  0.000000
   11.7304    9.9994    8.9649 1154.5478  478.2101  173.5925
  280.8303  542.0191  269.6362  481.2379  522.3447  371.9638
  332.6174  444.5312  111.8063   90.1256  400.7524  733.4629
  234.8190  273.6348  182.1529  673.3797  508.0076  243.1586
  703.7247  150.7933  439.7050  252.2896  212.5097  210.6682
  242.1198  243.8240  331.2229
            0.519723  0.540937  0.000000
   11.8001   10.0449    8.9932 1160.4091  477.2726  174.0291
  282.1918  540.4687  269.3478  481.3608  527.7083  365.3855
  332.7501  436.4071  114.4270   88.0234  402.1407  743.6939
  234.7867  273.2733  181.9550  674.3641  508.3572  243.1769
  705.5013  150.9414  448.7076  252.3692  203.9681  210.6740
  243.0275  244.2411  331.5579
            0.523259  0.537401  0.000000
   11.8501   10.0774    9.0136 1164.9011  476.6355  174.2431
  283.1332  539.1437  269.1609  481.4529  531.9367  360.2794
  332.8583  429.8035  117.5063   85.3169  403.2469  751.6932
  234.7662  273.0649  181.7563  675.0854  508.5948  243.1962
  706.6890  151.0458  455.6630  252.4273  197.4305  210.6785
  243.6775  244.5399  331.7987
            0.526795  0.533866  0.000000
   11.8802   10.0970    9.0258 1167.7314  476.2698  174.3214
  283.6820  538.2597  269.0563  481.5099  534.6575  357.0281
  332.9287  425.4653  120.5177   82.5300  403.9666  756.8148
  234.7550  272.9648  181.6092  675.5259  508.7322  243.2104
  707.3664  151.1079  460.0663  252.4626  193.3162  210.6814
  244.0682  244.7196  331.9438
            0.530330  0.530330  0.000000
   11.8902   10.1036    9.0299 1168.6988  476.1511  174.3379
  283.8619  537.9500  269.0228  481.5292  535.5980  355.9101
  332.9531  423.9499  121.9102   81.2126  404.2170  758.5811
  234.7514  272.9361  181.5549  675.6740  508.7771  243.2155
  707.5860  151.1286  461.5746  252.4745  191.9108  210.6823
  244.1985  244.7796  331.9922
